100 1000
6 6 10 10 15 16 18 19 19 24 24 24 27 29 34 36 41 41 44 48 48 51 53 58 62 67 68 70 71 71 73 74 74 79 82 83 86 87 88 93 98 102 104 104 107 107 111 112 114 117 122 125 130 133 133 135 139 142 142 142 142 144 145 148 148 149 150 150 152 155 158 162 164 168 169 169 172 176 180 180 180 180 182 187 191 194 198 202 205 205 210 211 212 217 222 226 228 230 230 230 
88 43 5
73 8 7
71 91 8
68 4 8
6 53 11
54 41 15
26 14 15
70 14 15
86 18 16
29 24 16
85 42 17
40 55 18
87 75 18
15 96 18
92 88 19
87 45 24
3 73 25
72 67 28
83 42 33
94 62 35
67 78 39
91 72 44
86 77 48
68 47 53
44 22 53
55 96 54
1 37 55
56 13 56
19 30 56
28 36 61
81 83 63
53 14 67
4 66 70
82 59 71
43 37 72
52 19 77
8 38 81
19 59 82
60 51 87
31 54 89
71 80 94
70 48 98
43 98 99
42 65 101
9 42 103
17 80 107
76 22 109
75 61 114
91 30 115
6 43 120
7 50 123
62 82 127
11 53 127
51 29 128
64 7 128
70 59 133
29 92 133
60 41 136
77 41 138
52 9 143
29 39 146
40 62 150
11 9 152
81 24 154
23 78 157
6 85 159
58 66 163
99 34 164
24 13 167
22 49 170
30 2 170
45 23 175
13 9 176
5 90 181
69 34 185
94 6 187
92 16 188
81 95 191
63 95 194
12 56 198
70 11 200
26 56 202
26 97 204
63 50 207
22 94 208
35 39 208
85 4 213
86 78 215
39 54 216
38 6 218
64 87 221
28 91 222
80 49 223
47 2 225
34 86 230
13 50 233
75 51 237
61 52 239
39 33 239
9 46 243
57 6 245
18 24 247
8 38 251
89 5 253
68 42 253
79 31 256
61 44 259
75 1 262
76 5 264
14 12 265
69 94 266
42 15 270
11 98 273
6 33 277
40 75 282
97 31 287
73 42 289
82 71 293
4 99 293
9 26 297
19 45 298
8 57 303
14 12 307
32 1 312
46 14 314
7 8 317
98 20 319
74 17 323
46 72 326
32 85 328
10 6 329
53 67 331
67 28 331
32 56 331
67 55 335
47 27 337
29 22 340
18 47 343
98 95 343
36 46 348
17 78 353
63 87 353
14 32 353
37 88 353
96 85 356
28 72 358
46 14 362
10 65 365
94 76 369
24 55 369
46 34 372
94 89 375
20 72 376
24 47 378
3 88 381
16 42 382
18 3 383
31 14 386
3 34 390
23 62 393
58 100 393
14 19 398
41 77 400
19 97 402
79 33 404
73 75 406
61 22 407
44 49 408
42 95 410
57 94 414
87 3 414
86 45 415
50 66 418
71 72 418
5 53 421
13 45 426
61 30 430
17 66 431
48 39 433
41 80 437
16 53 440
27 5 440
24 58 443
23 55 445
2 21 450
98 27 454
96 73 458
44 22 459
88 84 459
10 95 463
31 95 463
10 75 464
2 54 464
52 38 466
49 35 468
44 69 469
73 21 472
20 49 472
60 68 472
79 69 477
20 60 477
66 64 478
60 3 479
49 24 483
38 7 484
34 29 487
33 8 492
73 90 494
48 1 494
98 86 499
88 68 499
80 60 501
78 45 505
56 7 510
96 7 511
3 60 514
95 12 517
17 50 518
6 57 523
63 24 525
38 33 525
16 90 530
48 92 530
52 46 530
5 61 533
77 34 536
75 76 536
94 86 538
61 33 539
39 66 543
80 92 546
24 77 547
42 71 548
32 94 550
91 45 551
74 15 553
100 84 554
91 11 557
90 37 562
97 98 565
22 17 568
85 47 572
36 31 576
99 83 578
95 1 582
72 27 586
57 23 587
56 10 591
33 13 595
7 42 596
39 45 596
52 39 596
70 65 596
12 2 598
39 28 600
90 3 605
51 28 606
49 95 607
71 31 612
94 76 614
34 74 617
52 21 622
42 83 625
43 84 626
82 24 628
1 73 628
38 64 628
25 42 631
58 57 632
83 23 637
57 58 639
5 77 642
74 81 647
72 97 649
82 18 653
25 50 655
25 27 659
1 78 664
64 31 669
23 44 669
85 93 670
67 68 675
99 73 680
39 72 685
85 14 690
41 66 693
83 87 693
99 89 693
46 33 694
86 90 696
60 15 701
62 63 701
37 14 705
59 10 708
81 58 711
58 74 716
32 9 721
14 90 722
66 56 723
8 80 725
65 69 725
23 85 730
78 53 732
42 37 736
18 55 739
86 31 741
44 3 741
9 27 746
4 60 750
34 46 754
47 99 755
58 13 758
44 91 759
13 96 760
79 77 765
85 69 765
75 41 770
39 85 771
90 78 771
89 9 776
26 11 779
52 84 780
67 19 784
29 96 786
80 78 790
63 71 791
70 99 796
12 97 796
37 13 800
84 2 805
8 88 809
97 48 812
84 34 817
49 82 817
17 22 817
48 61 822
85 29 826
60 78 829
28 34 832
27 97 836
16 23 841
9 65 846
14 85 851
55 57 853
37 85 856
39 60 861
87 44 866
51 3 868
83 63 868
55 83 873
42 1 874
22 67 878
4 73 879
48 10 881
30 59 886
9 98 889
4 40 894
49 82 899
44 98 904
84 1 908
2 79 908
64 13 912
15 66 915
97 76 920
78 79 921
76 34 923
46 1 924
67 27 927
31 59 928
21 57 933
84 42 937
64 33 942
38 71 946
2 14 946
2 55 950
40 13 951
38 97 956
28 86 961
46 63 964
22 65 964
72 80 969
46 37 969
44 99 974
51 76 979
30 99 981
38 47 985
72 33 989
20 63 990
98 1 992
63 45 992
55 13 997
76 79 999
38 85 999
87 23 999
60 28 1000
79 51 1000
10 55 1003
9 82 1006
68 92 1009
66 15 1013
10 20 1016
100 10 1019
85 66 1024
24 86 1027
75 93 1028
98 28 1030
39 27 1032
34 48 1036
64 12 1041
70 11 1041
80 15 1042
47 81 1042
17 50 1044
41 57 1044
79 77 1049
45 91 1050
42 71 1050
30 5 1052
31 24 1056
94 23 1060
4 48 1062
8 53 1066
43 22 1071
5 62 1075
69 42 1078
54 26 1079
61 32 1083
83 16 1087
88 33 1090
58 10 1095
25 31 1098
52 93 1100
20 10 1104
34 47 1109
96 54 1110
22 46 1111
32 17 1111
75 15 1112
47 20 1117
71 26 1118
64 83 1121
30 38 1122
72 95 1122
65 88 1124
44 100 1125
100 68 1130
73 34 1134
92 54 1139
56 90 1142
43 42 1142
90 55 1146
81 50 1149
79 95 1149
25 26 1150
13 7 1150
64 22 1151
44 81 1151
44 12 1151
74 92 1151
77 30 1153
63 59 1153
65 83 1158
19 91 1161
10 19 1166
29 87 1167
25 95 1171
12 1 1175
57 29 1177
7 35 1180
99 25 1184
39 100 1186
14 23 1191
100 89 1192
50 45 1193
64 75 1195
49 26 1196
83 75 1196
91 68 1197
39 26 1198
26 85 1198
48 5 1200
37 56 1200
33 85 1202
1 13 1202
36 16 1202
16 65 1202
56 9 1205
6 87 1209
60 88 1214
30 2 1214
32 25 1215
86 12 1216
56 9 1219
100 55 1220
54 6 1220
57 54 1224
40 53 1226
31 86 1226
7 72 1231
9 36 1235
19 66 1238
42 13 1242
86 31 1245
61 76 1250
83 87 1252
64 36 1253
5 70 1254
60 51 1256
13 40 1257
4 79 1258
93 94 1258
70 12 1259
7 3 1261
26 69 1266
45 64 1268
69 42 1272
22 31 1274
90 50 1276
39 9 1279
20 11 1279
35 25 1283
77 79 1285
87 35 1290
94 72 1291
85 86 1295
23 100 1295
64 54 1298
67 77 1301
85 36 1303
10 7 1303
27 9 1305
21 4 1308
31 29 1310
49 12 1310
8 26 1315
91 55 1315
87 95 1315
15 59 1319
15 38 1323
91 12 1323
66 25 1327
45 63 1327
25 65 1327
31 10 1327
27 64 1329
97 48 1334
56 40 1337
16 27 1340
49 89 1342
45 94 1345
75 29 1345
55 92 1348
74 66 1349
26 71 1353
57 37 1358
48 94 1358
24 4 1358
72 54 1361
64 21 1362
87 100 1365
24 96 1370
14 49 1371
60 52 1372
34 25 1374
33 18 1374
47 64 1378
91 12 1379
38 54 1379
53 46 1380
33 93 1382
4 11 1383
79 28 1383
92 84 1387
36 18 1390
48 80 1395
5 4 1398
99 34 1402
65 77 1403
72 75 1404
28 51 1404
39 8 1406
32 5 1410
24 54 1414
44 71 1415
45 80 1418
2 33 1423
50 41 1425
29 9 1428
77 75 1430
44 24 1430
54 21 1431
85 1 1433
13 46 1436
75 25 1438
87 50 1439
40 41 1441
53 80 1441
95 35 1443
9 51 1443
69 31 1448
4 96 1448
40 37 1451
61 7 1456
50 80 1456
41 66 1457
42 74 1458
60 43 1459
39 92 1460
10 31 1465
22 86 1467
70 64 1469
69 98 1470
68 81 1471
81 8 1471
65 16 1472
53 84 1472
84 38 1473
83 89 1476
19 71 1479
98 14 1483
11 64 1488
25 64 1492
28 86 1497
34 32 1497
35 17 1501
69 68 1504
7 92 1509
85 67 1512
75 87 1516
63 52 1516
61 6 1521
65 77 1523
94 21 1525
48 72 1528
54 46 1530
57 89 1533
77 87 1533
11 66 1535
99 35 1539
54 95 1543
53 73 1546
96 44 1551
56 89 1555
59 78 1560
51 82 1561
34 50 1564
20 25 1569
71 52 1569
78 99 1571
86 43 1571
2 73 1576
69 70 1576
36 88 1579
51 70 1582
36 41 1586
75 51 1588
51 12 1592
81 37 1592
18 8 1594
70 92 1599
17 22 1602
62 11 1605
21 32 1609
16 41 1609
13 53 1614
6 2 1616
37 20 1618
68 2 1623
7 57 1628
30 41 1632
42 4 1632
85 83 1636
99 16 1641
74 73 1642
47 24 1643
83 76 1643
44 39 1645
8 56 1646
81 67 1647
100 67 1647
74 44 1648
100 65 1648
88 30 1651
21 7 1651
33 44 1651
17 35 1654
48 2 1658
59 32 1660
47 72 1662
90 39 1663
13 30 1665
90 72 1670
63 52 1675
7 26 1677
11 9 1677
41 72 1677
18 99 1680
16 79 1680
14 100 1680
1 98 1680
89 32 1683
50 61 1685
39 76 1688
18 12 1690
51 13 1690
80 57 1690
52 38 1690
48 31 1691
73 40 1692
45 4 1697
82 97 1700
35 85 1700
34 75 1700
6 52 1703
88 55 1707
42 75 1711
17 89 1713
95 96 1716
76 13 1719
60 84 1720
61 25 1723
16 10 1726
46 92 1730
89 65 1731
52 13 1735
79 42 1740
50 38 1740
100 28 1742
46 72 1743
47 71 1748
51 33 1748
88 86 1753
2 12 1758
8 43 1762
52 37 1765
83 24 1770
10 16 1771
18 53 1774
15 41 1774
53 36 1776
83 78 1780
53 83 1784
77 74 1787
24 83 1791
61 6 1792
15 33 1795
38 97 1799
30 12 1800
21 59 1805
84 96 1807
68 55 1811
69 53 1813
18 44 1813
19 37 1815
63 42 1820
10 69 1820
6 19 1821
27 17 1826
12 32 1826
2 48 1827
65 54 1828
78 67 1833
16 8 1833
73 58 1833
74 64 1833
96 10 1834
97 92 1834
44 88 1835
84 48 1835
33 58 1835
38 15 1837
59 75 1842
64 29 1842
18 39 1844
60 31 1846
22 85 1848
94 47 1850
57 11 1853
69 2 1857
76 85 1862
15 56 1862
93 67 1864
78 90 1869
36 54 1873
69 53 1873
34 99 1875
17 51 1878
51 7 1882
25 50 1884
89 58 1887
62 96 1889
48 38 1890
59 3 1890
39 54 1893
44 39 1896
28 87 1901
54 37 1906
97 75 1909
92 36 1911
93 87 1913
6 50 1918
8 51 1923
78 19 1927
1 6 1929
49 54 1933
10 47 1934
65 8 1935
46 79 1936
17 32 1939
93 62 1939
24 77 1944
72 64 1948
34 22 1950
30 61 1954
21 33 1957
30 61 1961
39 88 1966
69 2 1967
66 26 1967
19 23 1969
81 55 1973
52 90 1976
56 72 1976
46 91 1980
46 41 1985
98 100 1987
36 27 1991
32 30 1996
70 93 1998
34 16 2000
79 64 2001
6 34 2006
94 88 2007
77 18 2009
32 26 2013
61 68 2015
54 59 2016
82 62 2018
54 70 2019
31 67 2024
5 58 2027
1 34 2028
28 55 2029
4 96 2031
30 79 2031
75 11 2035
56 92 2037
1 14 2037
76 28 2042
72 63 2047
49 45 2052
72 57 2057
83 8 2061
23 44 2063
63 55 2068
35 95 2070
27 46 2075
19 83 2080
77 20 2082
84 82 2087
81 7 2092
41 74 2094
77 1 2094
77 64 2095
38 82 2099
100 13 2100
64 89 2101
68 84 2101
12 88 2105
71 29 2107
22 79 2111
27 74 2112
83 54 2114
36 95 2114
12 94 2116
88 33 2117
15 67 2122
68 61 2124
46 16 2129
67 10 2132
100 95 2134
19 37 2134
85 46 2138
28 79 2143
94 44 2144
61 65 2145
97 83 2146
27 45 2150
83 74 2152
81 70 2155
85 47 2156
47 53 2156
13 39 2158
41 27 2162
27 71 2167
55 21 2171
59 1 2173
55 59 2175
8 69 2175
100 8 2179
27 32 2179
40 63 2183
76 1 2187
69 54 2190
35 97 2191
80 16 2194
84 79 2194
88 12 2194
94 26 2194
40 17 2194
82 46 2199
39 36 2199
53 86 2200
46 88 2203
5 93 2206
21 12 2209
91 42 2212
55 57 2214
48 99 2214
15 72 2214
23 39 2215
23 43 2219
66 12 2222
90 8 2225
91 7 2226
58 25 2229
25 69 2232
41 75 2235
49 66 2240
3 52 2241
73 99 2241
81 86 2242
54 91 2244
23 67 2246
18 23 2247
2 66 2251
59 73 2256
90 62 2261
20 55 2261
15 34 2264
26 80 2268
57 74 2271
80 62 2275
100 33 2278
11 80 2279
21 7 2281
44 3 2281
83 64 2286
50 27 2286
45 64 2288
70 52 2290
100 21 2294
99 42 2295
47 1 2298
26 28 2303
6 26 2307
24 95 2311
70 37 2315
43 46 2317
40 93 2321
84 31 2325
38 93 2330
26 66 2334
59 97 2338
57 6 2343
87 89 2347
60 96 2348
84 73 2350
13 39 2355
19 62 2355
33 36 2360
84 1 2362
2 38 2364
52 95 2369
93 100 2369
99 83 2369
39 47 2371
64 92 2376
93 51 2378
17 33 2383
74 91 2388
48 96 2392
2 39 2394
91 14 2394
34 30 2398
29 80 2403
15 78 2407
74 68 2408
1 93 2408
11 84 2410
91 48 2413
58 99 2418
88 93 2419
57 25 2424
59 36 2429
87 5 2434
16 78 2434
71 24 2436
96 5 2437
46 89 2439
5000
42 94 6
82 78 9
60 27 10
10 85 15
81 98 16
5 73 20
30 94 21
47 52 21
43 97 25
18 28 30
53 27 32
68 2 37
76 45 39
28 46 39
91 98 40
46 93 41
94 16 44
64 24 44
8 7 47
36 85 48
26 22 52
13 26 56
33 49 58
40 53 60
95 80 63
18 65 67
70 24 69
65 13 74
77 71 77
93 86 78
64 15 81
34 47 83
62 49 84
68 58 87
38 21 91
24 98 91
64 45 93
81 31 94
87 2 99
43 17 100
10 41 102
75 28 106
70 46 111
48 95 115
6 17 116
69 58 119
23 3 119
56 29 124
8 75 126
66 11 128
24 26 130
93 55 130
29 84 130
91 25 132
4 17 132
24 32 135
62 37 135
32 45 140
7 64 141
37 56 143
30 25 144
76 71 145
38 65 147
4 14 150
76 15 150
16 11 153
57 97 154
8 90 159
54 26 162
52 19 166
92 84 166
32 73 170
51 40 170
55 81 174
27 6 175
18 58 180
7 74 181
78 87 184
44 5 187
92 68 189
81 37 192
84 50 194
70 82 196
80 21 196
65 54 200
32 11 204
47 78 204
58 72 206
64 62 210
44 72 215
16 15 215
79 67 220
78 81 220
98 7 224
14 38 228
64 79 229
19 3 229
42 46 232
37 53 237
74 78 237
23 8 242
47 57 243
61 58 247
5 99 251
55 90 254
6 43 258
85 31 260
65 20 263
69 42 267
95 39 267
54 86 271
69 84 274
6 13 279
47 63 280
35 63 282
4 48 282
57 51 287
5 9 292
61 25 295
88 89 300
37 42 305
86 55 309
42 7 311
10 96 311
87 72 311
13 2 315
47 11 316
43 45 318
21 49 318
86 58 319
30 17 323
42 31 327
11 60 331
59 52 332
41 97 335
72 31 335
99 37 339
67 73 344
28 14 347
65 15 351
39 31 351
10 28 356
8 51 356
95 78 359
89 61 363
52 82 363
63 93 367
77 95 371
31 92 373
62 73 378
49 94 382
3 13 382
100 22 382
10 50 385
84 54 390
95 11 391
43 64 394
40 67 395
19 24 395
97 45 400
19 86 402
62 42 402
95 14 405
98 34 407
16 8 410
67 61 411
81 62 412
45 64 415
22 77 417
21 24 419
54 31 419
12 32 422
72 22 425
46 19 429
21 61 433
47 87 433
35 59 438
32 53 442
84 28 444
22 40 447
89 46 447
58 65 448
12 6 451
84 9 451
49 7 456
2 3 457
83 4 458
13 1 463
76 78 466
10 68 471
25 99 472
49 100 477
62 12 477
32 92 482
69 96 482
60 17 484
45 94 486
78 61 491
49 53 492
18 41 497
3 10 498
2 47 503
91 70 505
99 37 507
78 76 508
65 30 509
38 45 512
20 63 515
79 6 519
33 86 520
54 88 520
34 95 520
13 68 520
80 70 525
71 67 530
33 83 531
8 94 536
54 84 536
5 37 540
88 95 543
47 63 547
5 75 547
58 76 550
59 68 551
59 65 554
11 73 554
22 97 555
19 12 558
16 41 559
94 44 562
74 35 566
46 67 571
98 56 571
9 35 573
16 58 576
91 71 581
4 3 583
68 36 587
64 83 590
76 93 595
56 18 599
21 29 603
49 18 605
17 45 610
93 1 610
77 33 611
90 53 614
82 89 617
55 87 621
53 71 623
74 24 628
86 40 629
54 46 631
23 47 632
69 1 632
21 67 632
99 59 637
12 95 640
53 21 645
20 42 645
91 24 647
53 94 649
85 52 649
78 10 650
15 87 653
24 33 656
75 22 658
38 63 659
60 56 663
37 95 666
34 16 671
22 14 672
22 34 677
77 54 682
53 48 687
75 28 692
5 80 696
71 13 696
70 72 699
35 65 700
92 37 701
33 73 705
34 69 707
98 74 709
3 23 712
19 26 713
25 9 717
31 30 718
87 68 718
7 41 722
70 88 724
7 51 726
59 91 726
88 23 729
12 23 729
90 83 730
1 95 730
3 7 730
55 9 732
66 83 735
31 72 736
62 33 741
70 81 745
59 62 750
45 37 751
95 34 755
4 66 758
42 35 758
37 18 762
63 41 764
83 26 768
22 65 771
97 34 775
72 37 776
14 3 780
48 16 780
32 13 781
6 35 785
33 12 785
2 20 785
1 60 786
44 27 791
34 78 795
39 36 795
99 79 796
26 97 801
64 51 801
24 18 805
8 49 809
33 3 812
23 58 814
2 86 814
98 37 816
56 99 819
77 10 823
21 56 826
98 30 828
11 2 828
8 48 830
94 16 833
84 63 836
84 38 841
97 1 841
87 30 845
32 45 847
90 27 851
39 20 852
14 50 854
3 89 855
77 34 860
95 6 863
96 57 865
75 55 867
58 1 870
51 54 871
81 59 875
68 12 879
88 38 883
78 14 886
65 64 889
8 10 893
61 26 898
52 47 898
80 94 899
58 15 900
33 37 900
48 100 902
98 48 902
30 13 902
93 73 904
14 77 905
13 59 905
30 25 908
55 99 912
96 95 917
99 78 922
21 18 922
99 97 923
8 100 926
10 12 926
38 31 928
28 77 928
55 50 933
11 73 938
16 48 941
30 27 943
33 39 944
39 21 944
35 29 945
40 5 948
98 95 951
26 56 954
69 54 957
4 48 958
88 17 962
79 55 965
10 47 970
33 36 970
26 62 974
38 2 977
43 45 980
84 97 981
40 76 983
41 51 988
27 91 992
60 53 992
98 68 995
27 95 997
90 13 999
11 49 999
64 91 1001
26 97 1004
26 79 1008
77 34 1012
49 55 1016
27 8 1017
84 75 1021
29 87 1023
36 30 1026
93 88 1026
78 34 1028
99 90 1032
44 60 1036
60 47 1036
32 67 1041
55 72 1046
31 43 1046
78 72 1051
47 62 1055
2 29 1059
14 74 1062
41 64 1065
87 75 1070
37 92 1070
35 61 1072
49 9 1073
4 94 1076
26 92 1081
22 28 1083
95 22 1086
31 34 1089
43 78 1090
91 25 1091
9 40 1091
8 59 1094
63 54 1097
100 41 1099
97 59 1100
5 71 1105
30 88 1110
29 87 1112
60 54 1113
89 5 1113
48 22 1118
45 50 1121
53 25 1122
90 70 1127
49 83 1127
4 57 1128
48 47 1129
81 87 1130
67 74 1135
29 8 1139
80 20 1143
22 92 1146
78 81 1150
97 48 1154
61 51 1155
91 51 1156
42 60 1157
44 23 1162
66 90 1165
78 32 1167
99 43 1172
100 53 1174
14 33 1174
90 81 1176
13 10 1181
67 78 1186
89 45 1188
75 61 1193
79 100 1197
67 51 1198
72 80 1201
52 38 1202
6 8 1205
50 95 1209
45 22 1213
71 92 1213
59 26 1217
6 72 1220
41 73 1224
65 22 1228
27 80 1232
33 57 1236
65 100 1241
84 6 1241
86 95 1241
29 24 1242
86 41 1246
57 60 1250
41 11 1251
31 82 1252
9 80 1255
54 31 1255
63 85 1259
7 47 1263
80 8 1263
7 92 1263
84 42 1267
44 22 1270
94 79 1270
88 47 1274
19 23 1277
41 71 1281
88 29 1282
64 2 1282
21 10 1283
27 76 1285
29 82 1287
48 33 1289
77 58 1291
82 96 1293
82 18 1298
55 56 1300
52 93 1304
58 32 1306
86 28 1311
92 60 1314
98 19 1317
34 93 1322
54 95 1322
12 82 1323
92 16 1328
25 6 1332
60 95 1335
44 92 1336
9 91 1338
31 100 1341
9 34 1341
61 86 1345
83 54 1347
56 8 1348
15 17 1349
16 56 1354
27 100 1359
1 85 1363
61 52 1366
16 26 1368
1 93 1370
63 87 1375
29 5 1376
54 42 1379
36 70 1381
99 34 1386
99 72 1387
69 91 1392
14 7 1396
51 93 1397
87 97 1397
100 26 1401
19 40 1402
95 58 1402
45 68 1407
27 88 1409
42 3 1410
13 52 1412
82 29 1412
3 70 1416
97 70 1416
71 54 1419
60 12 1420
82 27 1425
40 26 1426
18 6 1431
74 84 1432
31 80 1437
13 99 1439
37 7 1444
91 16 1446
56 36 1450
1 4 1452
28 51 1455
13 60 1460
94 1 1464
36 70 1468
69 52 1472
30 71 1473
63 77 1474
88 45 1477
34 76 1477
41 98 1482
82 79 1485
80 15 1486
57 95 1486
36 92 1488
20 26 1490
2 16 1491
44 69 1491
2 39 1491
36 79 1493
16 69 1493
72 34 1496
37 16 1499
64 96 1504
84 91 1507
96 89 1507
98 82 1510
73 12 1511
81 44 1515
5 66 1516
26 59 1520
46 15 1520
66 56 1522
29 16 1523
30 46 1524
86 97 1524
56 49 1526
88 67 1530
45 86 1531
48 82 1533
10 54 1533
94 25 1536
43 68 1537
24 95 1538
79 67 1541
17 55 1541
51 6 1541
12 63 1543
50 22 1546
35 62 1546
8 9 1547
43 32 1547
89 14 1550
89 42 1553
70 27 1553
15 26 1553
59 58 1553
48 25 1557
30 96 1559
20 43 1563
2 11 1565
59 71 1567
73 25 1568
89 49 1568
78 53 1570
14 80 1573
5 60 1578
63 82 1582
57 65 1582
84 44 1582
81 80 1582
57 37 1583
60 7 1586
31 39 1591
35 45 1594
59 64 1594
11 36 1595
89 98 1599
48 67 1603
34 73 1604
82 65 1607
97 65 1612
24 59 1615
24 53 1619
50 78 1619
5 80 1622
61 42 1623
51 43 1623
72 34 1627
23 21 1630
23 91 1635
27 45 1639
34 33 1641
75 78 1646
68 11 1646
77 24 1647
85 24 1652
70 26 1654
3 42 1656
94 55 1658
68 12 1658
25 76 1659
24 40 1662
10 21 1667
67 55 1670
99 77 1670
40 94 1670
33 68 1674
54 24 1679
48 71 1679
22 33 1681
99 25 1681
43 18 1681
49 96 1681
44 65 1681
63 54 1683
52 81 1687
42 71 1689
58 69 1693
91 32 1697
45 18 1701
93 70 1703
37 69 1706
97 38 1711
98 35 1713
59 21 1716
43 32 1716
14 23 1718
95 68 1718
79 43 1721
21 55 1726
72 9 1729
82 59 1734
2 40 1737
79 39 1740
50 11 1744
3 10 1747
87 30 1752
54 96 1753
33 66 1758
21 3 1758
67 41 1761
47 94 1763
9 17 1767
3 63 1770
13 29 1773
22 54 1777
72 52 1779
4 17 1782
78 74 1787
35 95 1787
99 53 1787
81 62 1791
63 75 1792
83 4 1794
15 5 1797
61 62 1801
58 7 1806
13 24 1810
71 53 1813
8 86 1816
73 32 1821
90 32 1825
75 53 1825
58 97 1828
45 27 1831
68 48 1836
1 13 1840
99 77 1842
68 90 1844
57 59 1846
73 22 1849
92 1 1851
60 19 1852
90 24 1852
82 70 1853
37 80 1853
84 38 1856
13 79 1858
64 42 1860
73 31 1862
29 31 1867
53 49 1867
31 38 1869
31 81 1869
34 87 1869
39 55 1869
33 86 1871
82 14 1873
83 25 1876
86 46 1881
38 90 1881
56 70 1886
70 2 1886
91 84 1890
56 82 1890
98 65 1893
95 56 1893
48 31 1895
39 78 1898
64 78 1900
26 62 1904
58 71 1909
87 5 1910
84 95 1912
60 20 1912
31 97 1913
45 81 1915
75 94 1916
43 12 1918
38 45 1919
18 52 1919
71 65 1924
63 2 1926
49 74 1926
55 33 1927
82 4 1932
54 31 1936
66 99 1937
19 13 1940
24 38 1940
68 17 1944
39 64 1945
21 81 1948
72 38 1953
23 76 1955
71 77 1955
48 13 1955
92 27 1956
71 37 1956
70 67 1961
1 72 1963
89 73 1968
56 73 1969
6 81 1972
46 97 1975
95 28 1980
63 20 1984
95 52 1987
25 31 1987
94 51 1990
43 2 1990
40 49 1995
14 44 1995
51 6 1997
16 42 1997
49 77 2000
44 11 2004
2 76 2009
43 22 2009
65 24 2012
63 13 2015
20 7 2016
40 61 2016
66 15 2017
84 42 2021
95 38 2023
32 47 2025
44 100 2030
21 12 2034
65 69 2035
38 97 2035
33 37 2035
85 58 2036
33 80 2039
61 50 2041
38 64 2046
98 71 2046
76 52 2051
49 12 2055
34 86 2059
49 24 2062
66 78 2064
40 59 2068
12 51 2069
36 9 2070
32 24 2073
75 34 2078
26 46 2082
31 10 2085
92 60 2085
91 14 2086
71 34 2089
61 89 2090
91 58 2093
48 84 2093
97 25 2096
96 24 2099
64 28 2100
44 46 2100
30 11 2100
12 22 2101
75 17 2103
21 58 2106
43 71 2107
4 90 2111
96 77 2114
9 67 2118
4 14 2120
35 65 2122
57 74 2123
20 61 2128
43 98 2128
97 62 2128
64 68 2133
85 76 2136
76 68 2140
4 2 2142
26 11 2145
53 3 2150
67 83 2155
96 70 2156
64 21 2159
11 19 2160
8 51 2165
1 3 2165
2 71 2166
2 66 2170
97 92 2171
87 50 2174
96 89 2175
23 43 2175
69 48 2180
64 46 2180
9 76 2181
26 73 2185
92 60 2188
98 16 2189
13 3 2192
93 17 2195
50 12 2195
92 97 2200
55 18 2205
7 16 2207
85 58 2209
100 56 2210
71 91 2211
26 7 2212
100 26 2216
38 70 2216
29 94 2220
11 21 2223
84 98 2225
22 28 2226
75 91 2228
68 10 2228
27 15 2231
31 83 2236
66 15 2238
61 9 2238
8 5 2241
1 81 2241
26 7 2241
98 23 2242
30 37 2247
4 38 2249
23 72 2249
100 54 2252
98 74 2252
66 93 2252
43 33 2254
48 28 2257
37 88 2260
12 21 2260
28 66 2264
99 78 2268
25 85 2273
80 79 2277
31 83 2278
70 39 2279
89 47 2280
6 55 2281
8 44 2285
99 78 2289
13 94 2289
18 27 2291
63 44 2295
97 61 2296
24 18 2301
64 39 2306
40 9 2306
68 94 2309
93 6 2313
60 84 2318
79 100 2320
90 12 2324
17 99 2324
95 33 2328
80 81 2330
97 19 2330
2 89 2334
99 97 2339
24 94 2343
89 68 2348
13 90 2351
86 99 2352
74 20 2357
13 4 2359
75 57 2362
91 54 2364
22 55 2367
75 83 2370
74 13 2371
33 64 2373
48 82 2376
46 85 2380
51 9 2383
31 55 2386
57 1 2391
80 26 2392
76 9 2392
18 80 2394
41 9 2398
84 91 2399
100 10 2404
42 25 2404
63 93 2408
59 7 2410
37 61 2414
97 94 2415
3 38 2415
40 48 2417
83 47 2422
45 35 2425
50 42 2429
24 21 2432
25 91 2435
32 59 2437
80 67 2439
47 63 2439
40 52 2440
11 8 2441
30 17 2442
51 62 2444
60 69 2445
99 1 2450
27 54 2452
9 43 2453
83 14 2455
52 79 2458
65 26 2462
92 99 2467
38 15 2468
16 10 2470
71 95 2474
28 17 2479
14 79 2479
34 76 2479
97 66 2479
95 75 2484
58 96 2486
15 47 2486
96 92 2491
95 69 2492
53 7 2496
95 94 2496
52 94 2498
44 26 2500
91 60 2501
15 100 2504
84 50 2504
99 74 2507
94 90 2512
43 82 2514
42 10 2519
56 81 2522
94 6 2525
9 89 2528
50 27 2532
92 33 2532
81 97 2532
29 46 2537
48 63 2542
55 32 2542
49 51 2543
22 55 2548
35 72 2552
6 41 2555
12 14 2556
50 33 2556
54 6 2561
1 29 2562
39 21 2567
24 49 2569
83 45 2573
91 43 2573
50 36 2574
53 86 2574
89 15 2576
97 22 2576
73 84 2576
46 73 2581
92 69 2582
93 35 2583
49 2 2585
10 43 2586
81 63 2588
52 61 2591
54 48 2593
65 33 2597
92 1 2598
89 44 2599
18 6 2604
43 47 2608
75 46 2613
82 31 2616
20 16 2621
55 4 2621
60 38 2626
23 34 2626
79 82 2631
53 94 2632
53 8 2637
34 35 2639
12 99 2644
6 23 2645
72 10 2650
96 32 2654
27 56 2656
44 31 2656
53 22 2661
67 66 2665
43 38 2665
52 61 2668
12 38 2669
98 53 2670
99 83 2675
92 33 2675
11 27 2675
42 73 2680
56 85 2685
18 79 2686
3 2 2691
51 76 2693
91 58 2693
21 20 2697
23 31 2700
1 89 2705
92 53 2707
27 30 2710
41 51 2714
92 82 2715
43 46 2716
89 80 2716
52 83 2716
35 70 2717
95 33 2720
28 7 2722
72 51 2724
49 27 2726
37 48 2730
96 23 2735
92 100 2738
80 10 2739
70 12 2742
7 66 2743
46 2 2744
34 78 2744
87 18 2749
88 75 2754
82 77 2758
58 5 2761
69 88 2765
32 58 2767
31 17 2770
4 60 2775
38 19 2780
2 5 2782
6 84 2782
77 49 2787
92 80 2791
75 87 2792
79 20 2793
76 15 2797
75 97 2800
15 35 2800
2 50 2805
93 10 2806
91 78 2808
86 30 2812
35 96 2813
52 77 2818
12 27 2821
35 76 2825
13 92 2829
33 64 2830
99 45 2830
76 9 2835
64 15 2838
81 68 2843
56 33 2844
29 76 2848
8 59 2852
24 95 2855
79 72 2860
78 10 2863
23 91 2865
44 18 2866
46 34 2866
71 81 2869
61 27 2871
13 57 2874
60 30 2879
55 11 2883
56 47 2888
9 87 2889
66 9 2889
55 26 2893
62 18 2896
22 9 2897
12 42 2901
1 60 2901
100 28 2903
80 64 2904
67 24 2908
59 50 2910
60 15 2913
55 90 2916
12 64 2919
28 72 2921
1 46 2923
91 32 2926
86 19 2927
47 19 2932
26 13 2935
19 30 2937
92 15 2942
46 55 2946
79 16 2948
39 64 2949
91 9 2950
64 68 2950
79 86 2955
64 3 2956
80 83 2961
34 21 2963
34 23 2964
94 28 2969
23 15 2972
51 10 2976
49 80 2979
53 52 2979
12 74 2980
51 72 2985
42 55 2990
15 80 2992
16 37 2995
43 68 2995
88 49 2999
42 39 2999
87 89 3004
95 5 3008
54 57 3008
93 85 3011
76 13 3015
68 32 3018
97 21 3023
98 32 3027
28 54 3028
84 32 3029
51 24 3032
40 51 3037
35 21 3037
67 73 3041
17 61 3042
83 71 3044
70 66 3048
64 63 3053
84 42 3053
78 50 3053
100 91 3055
54 28 3057
94 92 3058
81 71 3062
62 9 3066
2 44 3066
21 19 3071
52 10 3071
91 70 3071
60 52 3075
63 23 3076
19 78 3077
17 47 3080
8 44 3082
39 63 3084
48 23 3089
98 49 3091
27 46 3091
55 25 3093
84 5 3098
66 88 3099
67 93 3103
49 86 3104
81 94 3104
39 55 3106
24 19 3111
30 98 3115
46 21 3116
31 35 3119
44 67 3120
4 8 3121
76 78 3123
76 16 3127
41 80 3130
1 99 3132
15 81 3134
9 12 3138
67 2 3138
99 88 3140
55 97 3141
95 54 3146
27 7 3147
39 76 3150
27 61 3154
39 59 3155
35 28 3157
64 44 3162
59 64 3162
22 45 3164
49 88 3169
75 9 3169
42 25 3172
69 19 3172
84 31 3174
77 37 3175
92 10 3180
82 23 3182
98 84 3185
63 1 3186
18 86 3191
21 39 3194
100 52 3196
37 21 3198
49 55 3202
66 60 3207
34 15 3209
77 13 3211
12 53 3213
54 32 3215
16 24 3219
50 37 3224
24 80 3225
51 91 3227
40 58 3228
26 54 3229
45 27 3233
25 81 3235
60 52 3239
37 3 3239
69 67 3239
60 78 3244
3 31 3249
28 8 3254
100 53 3254
91 89 3259
20 44 3262
90 19 3264
43 51 3264
49 45 3264
28 85 3266
8 58 3269
52 43 3274
31 8 3279
37 74 3279
40 52 3284
83 87 3284
44 26 3288
20 71 3289
97 81 3292
32 58 3293
71 90 3295
94 23 3295
6 18 3298
68 45 3302
51 50 3304
2 96 3307
35 97 3309
74 79 3313
27 64 3313
15 36 3317
85 12 3322
22 73 3323
8 82 3324
29 17 3327
91 32 3328
11 15 3331
77 98 3331
84 40 3333
57 15 3338
60 55 3342
58 1 3346
61 55 3349
23 47 3354
45 5 3359
90 50 3363
76 91 3366
79 43 3369
99 93 3369
67 84 3373
42 32 3374
2 52 3376
62 4 3379
32 13 3382
25 40 3382
14 46 3382
57 86 3387
73 35 3392
79 7 3395
72 30 3396
56 63 3399
25 84 3402
96 89 3407
79 88 3409
93 94 3411
9 47 3415
92 16 3416
100 33 3418
92 78 3423
6 4 3424
23 91 3424
1 9 3424
10 30 3427
10 100 3428
12 82 3432
14 9 3432
52 65 3435
100 94 3438
28 88 3443
73 35 3445
81 26 3448
7 42 3453
34 41 3456
47 29 3461
81 55 3462
43 95 3465
32 27 3469
71 58 3470
82 30 3475
12 41 3480
3 16 3484
46 43 3486
70 82 3491
20 90 3494
53 26 3499
26 69 3503
62 7 3508
81 94 3509
62 17 3512
33 16 3514
37 5 3517
48 81 3521
65 40 3523
22 18 3528
71 89 3529
46 75 3533
27 63 3533
62 88 3537
19 72 3539
76 28 3544
44 100 3545
5 68 3546
18 90 3550
97 5 3552
40 61 3557
11 76 3558
50 29 3558
50 82 3562
87 41 3562
50 5 3562
40 67 3562
68 19 3563
6 71 3564
93 54 3565
42 58 3566
36 86 3569
12 58 3573
34 37 3577
10 53 3581
13 80 3582
25 100 3586
26 62 3586
13 95 3589
50 9 3591
30 74 3593
96 87 3594
99 21 3599
18 62 3600
100 37 3603
76 86 3603
18 42 3606
12 68 3607
60 37 3609
62 27 3613
20 66 3616
20 68 3618
83 22 3619
79 26 3619
9 87 3620
28 57 3622
55 23 3622
82 69 3627
22 83 3627
22 98 3632
47 65 3636
40 77 3640
10 93 3645
15 45 3649
19 50 3650
3 17 3655
86 57 3660
11 93 3660
26 59 3660
4 97 3664
48 15 3669
76 97 3674
2 85 3678
64 36 3682
50 77 3686
34 19 3688
59 18 3690
55 58 3694
64 97 3699
33 15 3699
6 89 3700
41 88 3704
4 72 3704
71 12 3704
23 88 3707
38 94 3710
13 79 3710
24 30 3710
49 20 3714
86 41 3718
19 66 3719
40 51 3719
99 17 3724
2 68 3724
82 91 3724
49 3 3729
68 77 3733
68 9 3734
61 51 3737
26 45 3742
31 60 3746
33 57 3751
45 10 3751
10 27 3752
53 29 3754
86 50 3759
44 63 3761
44 5 3765
41 50 3768
82 8 3768
70 31 3768
61 11 3773
24 14 3775
66 72 3780
38 99 3785
54 33 3789
9 91 3789
72 82 3790
99 60 3793
69 27 3798
70 26 3798
86 29 3801
44 4 3803
64 73 3806
85 73 3811
44 30 3815
45 65 3820
85 62 3820
44 87 3820
28 21 3825
67 2 3826
27 81 3829
55 81 3834
8 88 3839
61 17 3842
37 77 3844
49 7 3848
77 57 3851
14 2 3851
9 32 3855
68 54 3857
21 62 3859
34 21 3863
16 52 3865
70 54 3866
6 22 3871
10 35 3876
30 69 3879
10 96 3882
69 73 3884
88 27 3888
46 24 3891
28 76 3893
14 45 3894
50 97 3894
89 36 3896
31 43 3898
82 60 3899
26 11 3901
23 13 3902
94 18 3902
89 13 3907
45 98 3912
11 38 3917
19 89 3920
53 57 3921
95 82 3924
72 87 3926
63 51 3930
6 81 3932
42 64 3933
23 62 3934
8 39 3934
49 16 3939
90 37 3942
7 49 3946
3 12 3951
1 24 3954
38 27 3957
73 82 3957
95 47 3961
89 38 3962
43 78 3963
3 29 3965
22 90 3968
97 72 3971
30 78 3973
76 71 3978
96 80 3982
34 5 3986
31 59 3986
85 27 3989
16 45 3992
55 36 3997
100 59 4001
11 86 4006
69 50 4008
8 96 4011
6 58 4012
91 77 4016
51 68 4020
95 17 4022
64 12 4022
17 100 4022
36 97 4027
72 75 4031
47 85 4031
80 85 4033
69 97 4036
52 92 4036
53 69 4037
68 51 4037
21 72 4038
53 37 4042
76 33 4043
14 60 4043
14 5 4047
56 78 4051
97 9 4052
81 17 4056
25 57 4057
75 99 4059
18 51 4060
32 75 4061
83 91 4065
23 2 4069
81 21 4071
22 63 4072
77 51 4077
4 76 4078
41 56 4082
10 41 4084
50 63 4085
9 46 4087
72 14 4091
84 61 4092
34 87 4097
60 48 4097
24 43 4101
1 11 4101
87 75 4103
24 25 4106
50 27 4107
66 5 4108
4 80 4112
5 68 4116
94 98 4120
57 4 4120
14 15 4124
97 15 4125
91 97 4126
36 4 4126
48 32 4128
82 49 4128
37 27 4128
31 19 4133
65 15 4136
2 97 4140
80 87 4142
73 24 4145
63 56 4149
82 63 4154
67 71 4156
69 4 4161
63 2 4162
32 71 4166
32 95 4171
11 16 4176
41 39 4181
4 52 4184
6 52 4186
62 53 4188
34 66 4190
87 68 4194
91 58 4196
77 96 4200
25 27 4202
10 35 4205
65 64 4206
12 84 4208
19 79 4213
90 71 4218
61 28 4219
41 71 4219
32 89 4222
58 26 4222
56 71 4222
11 86 4225
83 92 4228
12 63 4230
73 98 4234
36 38 4234
33 73 4237
94 86 4239
65 82 4244
26 87 4246
26 70 4250
74 13 4250
94 78 4255
71 83 4255
69 22 4258
64 68 4261
62 99 4261
32 80 4265
6 68 4270
13 53 4272
87 38 4272
59 14 4274
33 79 4278
29 3 4282
42 29 4287
30 94 4290
96 12 4292
94 29 4296
11 93 4298
37 13 4302
27 95 4307
38 69 4310
57 6 4312
94 57 4314
93 37 4315
45 72 4317
100 73 4320
21 56 4325
87 30 4330
20 92 4332
1 90 4333
65 30 4333
9 44 4335
91 41 4336
21 17 4340
45 76 4344
91 25 4349
75 50 4351
68 59 4352
1 100 4357
20 58 4361
93 38 4362
73 28 4364
94 52 4367
25 24 4370
13 39 4372
21 6 4374
94 24 4374
1 76 4377
39 76 4380
77 37 4385
78 56 4389
97 23 4389
25 38 4390
26 85 4395
93 26 4395
78 54 4396
70 33 4399
20 98 4399
15 68 4399
55 86 4403
25 97 4408
7 10 4410
17 73 4411
41 40 4416
51 31 4417
43 35 4417
56 8 4422
59 52 4425
42 32 4430
84 52 4434
51 39 4434
76 96 4439
74 86 4444
67 23 4447
11 72 4449
65 33 4453
93 22 4455
51 70 4456
89 96 4456
20 69 4458
28 46 4458
81 16 4462
48 92 4467
77 32 4471
21 73 4473
44 1 4473
16 59 4473
26 8 4474
1 50 4476
14 39 4476
14 4 4477
19 70 4481
75 10 4481
30 89 4485
83 45 4490
95 51 4490
50 71 4495
6 11 4496
37 64 4498
24 2 4501
75 81 4506
68 73 4509
77 5 4510
49 96 4512
79 47 4515
27 28 4515
73 52 4515
6 3 4517
33 85 4519
11 29 4521
81 31 4526
16 40 4530
75 28 4535
21 46 4540
64 29 4540
55 72 4543
78 79 4546
79 50 4547
99 80 4548
91 69 4552
73 47 4552
29 5 4553
45 19 4555
13 18 4558
46 39 4563
25 32 4564
42 50 4568
65 2 4569
87 70 4572
19 10 4573
17 2 4574
69 81 4575
98 79 4576
7 44 4579
14 94 4583
65 17 4586
11 36 4588
87 99 4590
100 61 4592
64 70 4593
72 24 4593
34 14 4597
5 47 4600
74 44 4604
19 39 4604
46 33 4604
69 59 4609
21 31 4613
73 74 4614
99 57 4619
74 36 4619
50 90 4624
56 63 4626
50 64 4630
42 60 4631
90 31 4631
85 20 4635
63 17 4635
49 75 4638
69 57 4642
23 81 4643
45 50 4643
58 62 4643
94 91 4644
87 35 4644
91 61 4647
90 31 4647
7 66 4652
42 49 4656
34 76 4658
69 40 4661
59 17 4664
7 41 4667
19 23 4668
92 100 4668
36 95 4669
46 19 4669
78 31 4669
19 54 4670
34 24 4670
4 18 4674
70 13 4674
71 1 4675
35 10 4678
12 55 4679
70 86 4683
22 40 4688
93 91 4690
29 18 4690
82 44 4694
47 20 4696
89 50 4700
70 17 4701
9 51 4704
69 8 4709
47 57 4709
52 44 4712
2 61 4713
67 82 4716
83 64 4720
87 78 4724
71 4 4727
98 17 4729
63 35 4733
94 54 4736
78 2 4741
89 39 4745
83 100 4745
55 72 4749
31 6 4749
78 9 4749
71 96 4752
97 10 4755
68 17 4759
26 87 4761
23 87 4761
9 5 4765
75 61 4770
42 4 4773
2 8 4773
39 82 4777
31 76 4779
1 77 4784
31 26 4787
59 93 4787
29 8 4787
19 44 4788
99 48 4791
100 42 4794
8 64 4795
82 12 4796
41 51 4799
36 66 4800
81 3 4805
46 15 4809
58 6 4813
88 1 4818
73 4 4820
81 89 4820
97 52 4824
99 34 4826
79 62 4828
42 75 4832
67 34 4834
94 59 4835
67 100 4840
79 86 4844
3 20 4848
52 6 4850
70 54 4852
38 43 4855
71 76 4860
25 82 4864
71 82 4866
53 76 4871
7 31 4875
29 6 4878
30 55 4881
95 6 4886
19 93 4891
10 31 4894
96 40 4896
63 10 4901
54 53 4904
57 60 4907
16 90 4910
83 16 4910
77 35 4910
61 96 4910
13 50 4913
10 20 4915
78 86 4916
16 81 4918
62 68 4920
8 58 4921
90 10 4922
46 44 4923
21 36 4926
55 56 4931
81 24 4931
59 39 4931
79 45 4934
38 19 4939
17 19 4943
35 52 4944
83 7 4945
97 60 4950
54 26 4951
1 5 4956
60 75 4957
10 11 4960
81 3 4960
32 56 4965
90 53 4970
97 62 4971
37 14 4976
2 80 4978
59 70 4982
36 78 4984
29 37 4987
76 68 4987
18 39 4991
57 84 4995
57 56 4995
84 4 4998
5 69 5002
97 9 5002
1 8 5006
64 40 5007
90 5 5007
93 25 5011
41 7 5016
63 25 5018
86 88 5019
58 23 5020
63 3 5021
10 71 5022
91 82 5025
78 59 5025
44 52 5026
69 50 5031
40 8 5036
98 5 5036
29 72 5036
30 66 5036
17 95 5037
73 78 5037
98 96 5039
62 56 5043
24 84 5046
35 16 5046
55 17 5046
20 44 5046
56 68 5051
5 98 5052
76 32 5053
73 80 5054
22 88 5055
11 49 5055
97 34 5060
80 24 5064
13 95 5064
51 82 5068
6 45 5068
17 32 5073
60 44 5078
54 45 5079
24 72 5079
97 78 5082
99 76 5083
49 85 5088
3 19 5093
77 65 5093
61 99 5094
31 72 5098
90 25 5101
84 7 5104
12 45 5106
61 77 5110
64 30 5112
10 75 5115
92 51 5120
56 21 5123
83 12 5124
49 87 5127
4 20 5130
11 76 5132
45 61 5134
92 53 5138
49 4 5142
2 52 5146
38 57 5149
5 98 5154
21 13 5156
30 98 5158
40 9 5163
84 64 5166
74 85 5170
73 82 5172
41 70 5172
38 30 5177
73 81 5179
94 47 5183
50 13 5188
23 84 5191
27 42 5193
32 19 5196
94 78 5198
8 47 5202
29 64 5205
22 37 5205
55 64 5205
82 94 5209
52 68 5210
20 75 5215
44 32 5216
7 23 5218
87 96 5219
58 89 5224
76 15 5225
29 89 5228
59 43 5230
50 47 5231
70 51 5232
98 3 5237
44 35 5240
1 26 5244
17 46 5248
78 55 5253
23 82 5254
49 81 5256
29 23 5259
51 47 5264
62 30 5269
82 10 5274
20 46 5276
47 98 5278
80 19 5280
28 87 5284
26 84 5288
78 55 5291
44 53 5292
83 19 5292
40 75 5293
45 64 5297
72 68 5301
7 22 5304
21 50 5304
41 63 5307
35 56 5310
75 70 5311
11 7 5315
70 51 5315
67 53 5320
47 76 5323
48 54 5327
28 1 5327
46 30 5330
22 67 5330
95 17 5330
9 14 5331
71 31 5332
50 1 5333
40 76 5333
92 42 5337
18 73 5340
27 47 5342
100 85 5342
26 3 5343
52 85 5344
100 17 5348
19 95 5349
31 47 5349
75 4 5349
8 68 5351
60 96 5351
17 23 5356
67 81 5356
31 68 5357
79 80 5357
27 52 5358
24 55 5361
100 89 5364
7 86 5364
21 7 5368
60 33 5368
25 49 5372
24 25 5372
2 79 5376
51 67 5376
3 76 5379
42 77 5383
68 33 5383
81 44 5387
11 24 5388
6 67 5390
100 44 5395
96 51 5399
93 45 5402
58 84 5402
70 33 5406
47 15 5406
88 60 5408
55 1 5408
21 49 5412
25 86 5412
78 7 5414
17 98 5417
65 35 5419
30 76 5422
98 45 5425
8 23 5426
59 16 5430
17 19 5430
56 84 5433
33 48 5438
25 23 5442
21 64 5443
4 38 5448
94 75 5451
81 55 5454
95 64 5458
64 79 5463
62 96 5467
79 32 5469
53 31 5474
65 78 5477
74 77 5481
41 56 5484
81 27 5489
2 43 5494
92 28 5495
82 78 5498
43 49 5503
9 55 5504
22 16 5504
64 44 5508
59 94 5512
88 51 5512
81 11 5515
95 43 5519
69 16 5524
6 47 5525
35 68 5527
96 26 5529
86 26 5531
62 50 5533
66 46 5536
10 39 5540
6 36 5545
42 30 5546
90 81 5547
79 48 5547
6 69 5550
36 3 5555
8 70 5556
69 80 5561
63 50 5565
73 50 5567
89 21 5571
37 31 5576
70 58 5578
25 36 5578
58 12 5581
83 46 5582
85 10 5587
2 68 5592
12 82 5593
75 4 5598
42 62 5602
6 89 5605
61 97 5606
56 11 5609
43 8 5611
17 54 5616
96 40 5618
33 55 5622
73 55 5625
75 22 5626
91 63 5631
7 22 5635
2 18 5638
45 44 5639
56 35 5640
11 90 5644
41 23 5645
27 54 5646
18 27 5651
28 56 5651
88 76 5651
5 92 5653
84 58 5656
69 75 5657
92 49 5658
54 74 5661
83 75 5662
13 1 5662
38 43 5666
85 42 5669
65 63 5673
65 2 5675
38 57 5677
10 92 5680
67 51 5682
77 4 5687
45 80 5687
94 96 5687
14 74 5689
44 100 5692
22 38 5693
32 8 5696
89 58 5698
37 10 5702
14 65 5707
24 2 5708
51 98 5711
83 51 5716
93 88 5721
19 11 5724
4 9 5725
42 50 5730
1 63 5734
83 92 5734
47 79 5736
83 26 5736
46 69 5739
78 59 5739
73 52 5739
85 44 5743
88 70 5747
12 8 5749
89 8 5753
24 80 5753
50 18 5757
85 51 5757
76 44 5761
76 9 5763
72 36 5763
42 89 5765
41 33 5766
73 37 5768
63 27 5769
46 69 5770
78 49 5775
92 46 5777
92 84 5780
93 79 5781
63 35 5782
72 1 5783
94 7 5784
75 86 5788
76 55 5793
9 4 5795
69 66 5797
64 32 5802
45 94 5804
23 32 5809
50 83 5814
73 41 5815
88 98 5819
19 94 5821
8 56 5823
49 50 5827
16 85 5830
70 76 5832
67 4 5835
81 47 5836
79 25 5841
30 79 5844
46 3 5849
97 95 5854
32 54 5858
56 19 5862
61 57 5865
67 90 5869
65 72 5872
71 95 5875
68 20 5877
71 60 5877
61 14 5877
73 9 5880
42 39 5881
13 31 5886
90 55 5886
6 25 5889
84 33 5893
75 28 5894
14 63 5895
65 2 5899
30 53 5901
61 63 5902
93 85 5906
91 74 5910
59 84 5911
100 49 5912
29 62 5912
2 23 5913
22 17 5913
16 71 5918
72 28 5920
96 11 5922
11 50 5926
3 27 5928
39 93 5932
14 56 5934
28 47 5936
18 39 5936
71 81 5937
26 36 5940
54 89 5940
88 31 5943
20 32 5945
56 11 5948
78 64 5953
88 79 5955
87 2 5955
15 30 5956
78 7 5958
43 71 5958
80 14 5960
87 15 5965
97 75 5965
34 21 5969
25 30 5974
87 54 5974
75 29 5974
82 64 5979
97 8 5979
18 28 5981
12 43 5983
26 1 5986
34 77 5989
35 41 5994
81 65 5994
81 40 5998
94 99 5999
7 63 6001
65 30 6005
18 50 6008
75 43 6008
72 79 6009
64 82 6012
32 76 6012
19 74 6017
7 86 6020
33 98 6021
4 88 6023
89 55 6027
63 50 6029
40 63 6033
67 2 6033
44 84 6035
46 8 6040
58 47 6040
64 51 6042
90 72 6046
36 46 6048
57 18 6048
81 89 6048
36 78 6050
1 59 6051
70 39 6053
89 20 6058
28 78 6059
96 86 6064
58 77 6069
59 1 6072
100 15 6077
68 92 6078
80 17 6078
87 86 6078
48 18 6080
7 5 6085
29 43 6090
5 12 6094
78 63 6094
12 100 6094
40 75 6099
96 77 6103
23 6 6107
85 7 6107
10 17 6107
16 54 6109
66 23 6113
25 48 6115
5 50 6118
10 68 6119
60 51 6123
94 43 6123
56 77 6127
48 24 6132
50 23 6133
31 12 6134
2 26 6137
3 23 6138
20 70 6140
28 17 6140
17 56 6143
62 11 6143
86 34 6148
13 39 6149
28 46 6149
81 55 6150
72 38 6151
69 91 6156
82 65 6160
53 50 6161
35 16 6166
21 24 6167
20 98 6168
67 10 6169
82 13 6173
75 89 6176
46 23 6180
69 13 6184
54 98 6184
77 22 6185
48 78 6188
44 59 6189
63 7 6190
37 89 6191
80 69 6191
1 70 6195
29 60 6196
58 81 6198
21 71 6203
53 52 6205
84 6 6210
70 69 6210
46 9 6212
29 90 6215
94 35 6218
64 45 6222
67 60 6225
26 39 6227
55 88 6232
21 42 6232
29 8 6233
61 72 6234
34 98 6234
68 27 6239
59 47 6241
25 66 6243
57 28 6247
21 87 6251
28 94 6256
34 54 6256
91 78 6256
4 71 6259
49 13 6263
42 10 6266
99 80 6269
94 20 6271
66 13 6276
7 21 6277
94 50 6281
52 97 6281
12 15 6284
10 78 6288
87 61 6290
90 50 6292
55 58 6297
55 75 6297
11 57 6298
64 85 6300
36 58 6302
62 60 6307
76 64 6310
38 89 6314
33 27 6317
42 17 6322
17 5 6327
8 16 6327
9 99 6329
83 1 6333
23 13 6337
52 7 6339
10 46 6344
35 57 6346
70 45 6350
36 90 6352
15 23 6355
46 75 6357
48 13 6362
47 79 6364
47 29 6367
97 46 6367
5 75 6372
6 99 6377
71 85 6380
63 50 6383
62 26 6386
36 52 6387
56 30 6392
67 76 6392
39 18 6395
63 72 6399
79 98 6400
90 61 6401
23 100 6404
29 97 6409
4 9 6413
89 46 6418
56 45 6422
25 21 6424
88 39 6429
84 78 6431
75 66 6432
35 95 6437
46 82 6438
66 6 6439
46 25 6439
40 62 6444
1 45 6445
94 45 6446
24 82 6451
51 27 6456
69 94 6458
59 83 6463
70 53 6468
44 99 6472
28 69 6476
94 74 6480
22 67 6480
57 35 6480
89 55 6483
51 91 6484
99 6 6489
86 67 6494
52 11 6499
59 47 6504
99 2 6508
88 39 6513
92 78 6518
69 83 6522
52 55 6525
60 39 6526
55 91 6528
74 46 6533
63 90 6536
59 39 6538
35 19 6539
86 16 6539
32 92 6543
44 99 6547
1 2 6548
77 91 6548
19 80 6551
36 98 6554
98 99 6556
45 27 6559
16 99 6563
36 85 6566
66 51 6569
64 58 6573
7 42 6576
10 57 6581
54 17 6584
96 65 6588
100 21 6593
36 39 6594
1 67 6595
85 69 6598
30 60 6600
29 7 6602
84 14 6603
55 30 6603
86 34 6603
25 51 6605
8 27 6605
90 59 6608
6 32 6612
20 54 6617
46 60 6620
39 73 6621
17 14 6621
45 53 6625
87 76 6628
37 76 6628
82 26 6628
14 46 6630
92 47 6633
11 49 6638
100 39 6641
33 47 6641
22 33 6641
5 29 6642
78 94 6644
68 29 6644
74 11 6647
82 9 6651
36 57 6652
60 67 6657
83 35 6659
81 95 6662
22 72 6667
74 79 6670
45 58 6672
74 28 6672
53 32 6677
45 32 6679
43 33 6684
41 29 6684
16 82 6688
40 13 6690
98 64 6693
2 40 6695
97 37 6699
29 39 6699
71 12 6704
72 88 6705
7 73 6707
92 64 6707
31 22 6709
47 97 6709
65 14 6711
76 11 6711
21 15 6711
84 64 6711
37 25 6716
37 63 6718
47 21 6723
76 61 6725
69 30 6726
24 7 6727
13 14 6729
69 35 6733
9 82 6736
7 88 6738
45 67 6741
3 86 6744
79 81 6749
72 25 6752
75 46 6752
37 84 6755
26 54 6756
47 32 6759
24 89 6760
69 3 6763
99 84 6764
8 10 6768
100 53 6769
43 7 6773
13 87 6773
89 39 6778
25 22 6779
35 73 6779
14 85 6779
80 48 6782
9 16 6785
22 66 6787
62 14 6792
49 54 6797
73 77 6797
82 34 6801
11 77 6803
93 6 6807
66 62 6807
71 90 6812
93 49 6816
94 19 6817
13 38 6820
78 7 6822
49 19 6825
87 75 6827
75 25 6827
47 93 6827
9 68 6831
40 74 6836
6 86 6840
51 43 6842
96 42 6843
18 42 6844
47 69 6847
10 19 6851
83 16 6851
55 33 6855
19 74 6856
93 91 6860
82 61 6862
42 2 6862
81 26 6867
64 13 6870
94 3 6875
19 69 6877
69 29 6877
18 77 6882
15 55 6885
37 18 6888
35 2 6892
66 60 6894
62 48 6898
47 13 6900
52 62 6901
2 41 6902
1 90 6903
63 4 6904
83 5 6905
87 6 6909
92 60 6909
1 28 6913
25 17 6917
30 54 6918
72 9 6922
82 36 6927
3 54 6931
89 79 6933
13 57 6937
56 3 6937
50 29 6940
49 64 6943
16 12 6943
27 46 6943
38 92 6944
93 92 6947
50 55 6949
1 19 6951
74 25 6953
70 99 6955
31 83 6955
51 97 6960
58 59 6965
57 25 6966
27 33 6966
45 73 6970
92 86 6974
82 97 6978
47 5 6982
77 23 6985
32 84 6989
15 7 6990
85 86 6993
91 19 6993
1 12 6996
49 90 6996
24 15 7001
66 6 7001
26 16 7003
34 46 7003
18 1 7006
43 97 7011
66 47 7015
66 85 7016
58 83 7021
35 73 7024
75 71 7027
70 62 7030
22 80 7030
68 100 7035
100 56 7037
45 31 7039
49 28 7044
65 47 7049
48 27 7054
26 46 7055
73 63 7056
68 47 7061
88 56 7061
97 55 7064
56 51 7066
3 26 7067
32 100 7072
86 94 7073
88 20 7078
91 57 7082
47 34 7083
43 37 7086
1 97 7090
1 61 7091
54 39 7095
81 41 7099
7 77 7103
93 58 7104
39 70 7106
7 12 7107
3 92 7111
40 5 7116
69 55 7121
7 97 7121
21 62 7121
54 20 7126
11 69 7130
60 3 7133
94 85 7136
78 31 7138
33 84 7139
98 27 7143
48 100 7147
40 27 7147
87 71 7148
47 48 7152
35 61 7156
47 59 7158
92 39 7160
65 17 7163
81 19 7166
65 57 7169
83 51 7173
10 99 7175
44 23 7180
12 13 7180
81 42 7185
19 31 7187
40 48 7191
1 21 7192
36 100 7192
60 28 7193
78 35 7197
69 99 7201
13 81 7202
23 62 7202
40 76 7203
33 69 7203
84 27 7208
26 37 7209
81 97 7212
78 83 7212
59 40 7216
10 45 7219
67 94 7221
96 33 7221
23 73 7223
53 46 7224
39 87 7228
6 1 7232
8 55 7233
52 9 7237
67 4 7237
92 82 7240
29 17 7240
30 14 7245
63 78 7250
55 86 7252
30 42 7256
25 98 7260
4 100 7264
84 59 7265
18 44 7266
10 41 7269
8 14 7270
49 77 7274
59 24 7275
99 54 7277
27 42 7277
47 100 7278
8 70 7278
57 45 7279
34 23 7283
61 18 7284
3 77 7285
84 91 7287
13 53 7289
68 37 7289
86 99 7292
40 32 7295
77 12 7300
97 35 7304
19 51 7304
94 99 7307
8 44 7307
3 49 7307
99 74 7311
40 2 7315
42 95 7319
51 15 7324
71 4 7327
30 84 7332
88 97 7336
40 71 7341
66 20 7346
81 38 7348
86 10 7352
23 50 7352
47 100 7354
4 85 7354
49 79 7356
95 78 7356
11 3 7359
33 63 7361
26 38 7366
71 2 7369
6 69 7372
12 64 7372
44 95 7373
48 65 7375
84 96 7376
71 88 7378
93 36 7378
92 14 7378
73 45 7378
1 9 7379
55 16 7380
35 68 7382
29 75 7384
32 73 7385
73 38 7387
43 5 7387
70 61 7389
77 98 7392
64 49 7395
25 32 7396
50 74 7400
74 60 7402
96 55 7407
56 97 7411
99 91 7415
33 55 7416
31 40 7421
29 79 7424
43 61 7426
69 82 7428
59 45 7433
37 83 7438
15 64 7439
13 99 7444
80 28 7446
59 13 7450
43 24 7451
40 98 7451
90 16 7454
25 92 7457
54 32 7459
50 6 7463
96 14 7464
40 33 7469
36 31 7472
97 53 7477
8 77 7478
70 87 7481
95 14 7484
95 89 7486
57 96 7486
45 79 7491
69 93 7494
82 86 7498
98 23 7502
68 46 7507
53 84 7510
49 81 7512
68 100 7513
35 62 7517
69 26 7518
47 5 7522
83 49 7522
11 55 7522
29 51 7527
100 13 7528
16 2 7529
96 18 7533
56 100 7538
60 35 7539
88 16 7542
1 99 7542
69 27 7545
61 53 7547
73 63 7547
8 55 7550
79 84 7550
63 18 7551
27 42 7552
61 57 7557
60 3 7560
56 5 7561
47 38 7563
94 93 7565
17 68 7567
55 87 7567
21 83 7572
48 57 7573
100 93 7578
13 66 7580
36 7 7582
4 26 7584
45 6 7587
94 82 7590
83 34 7595
70 65 7599
18 26 7603
30 77 7605
59 84 7607
7 3 7609
75 99 7614
13 39 7619
97 96 7620
69 60 7624
63 52 7629
52 39 7631
80 5 7633
97 100 7636
90 47 7639
27 37 7640
97 37 7645
27 82 7645
23 95 7647
41 17 7648
97 99 7653
85 57 7653
62 90 7653
44 1 7657
1 8 7659
29 95 7663
61 58 7667
31 73 7669
89 76 7669
51 85 7672
40 38 7674
58 45 7679
51 95 7680
41 67 7681
44 28 7684
88 45 7685
33 34 7689
42 47 7690
65 20 7692
55 84 7695
84 8 7699
77 10 7702
60 55 7705
2 95 7708
80 38 7712
100 40 7716
85 37 7718
6 69 7722
39 84 7727
66 41 7732
34 99 7732
49 44 7735
71 33 7735
27 2 7738
80 45 7739
18 72 7740
41 40 7741
18 11 7741
1 23 7741
92 52 7744
65 91 7746
89 30 7746
96 1 7748
71 30 7749
21 92 7751
27 85 7751
15 35 7751
62 59 7753
26 4 7756
17 6 7761
41 33 7765
67 82 7769
94 69 7770
46 76 7771
3 55 7775
8 68 7777
85 65 7779
76 64 7779
83 42 7784
54 75 7784
37 17 7788
60 100 7793
83 18 7797
27 51 7797
38 37 7797
31 28 7802
73 23 7805
31 37 7808
55 44 7812
99 37 7813
94 42 7816
20 45 7818
57 20 7822
27 31 7823
70 6 7826
59 53 7826
37 84 7830
70 69 7831
67 12 7833
5 30 7833
17 6 7837
18 59 7837
84 83 7838
17 40 7840
60 8 7842
9 22 7842
17 15 7845
53 28 7848
93 34 7851
37 6 7851
100 69 7852
5 76 7852
52 32 7857
90 63 7862
25 72 7864
10 88 7866
95 76 7868
30 34 7868
89 6 7873
1 89 7878
36 74 7878
39 49 7882
50 79 7886
52 66 7886
30 41 7890
19 86 7895
64 11 7899
90 64 7903
21 38 7906
41 8 7911
12 43 7915
100 89 7919
60 41 7919
47 5 7923
80 44 7925
75 21 7929
85 80 7933
44 42 7933
10 50 7936
79 48 7936
12 23 7941
59 10 7943
76 22 7947
69 99 7952
63 7 7957
44 40 7958
66 6 7961
89 3 7962
89 98 7962
39 38 7964
46 67 7966
38 42 7968
79 40 7972
20 2 7976
51 90 7978
80 34 7982
46 50 7984
98 100 7989
83 33 7991
80 52 7992
89 61 7994
4 43 7999
14 20 7999
13 39 8003
83 32 8005
36 30 8009
69 8 8013
61 12 8014
54 32 8019
72 7 8023
18 70 8025
6 61 8025
84 54 8026
50 79 8026
30 17 8031
12 81 8032
48 77 8033
69 3 8033
71 83 8036
9 8 8037
86 13 8039
34 30 8043
17 47 8043
26 85 8043
80 5 8043
71 81 8046
18 69 8046
46 35 8049
43 96 8051
79 53 8053
45 15 8058
86 76 8061
97 96 8063
69 90 8068
51 45 8070
99 11 8072
30 58 8073
100 83 8074
91 21 8076
38 36 8080
47 61 8080
91 3 8084
45 83 8085
53 62 8085
17 32 8089
81 29 8089
68 43 8094
100 46 8099
66 35 8104
33 7 8105
66 54 8110
63 4 8113
14 41 8118
94 26 8121
36 58 8122
85 75 8125
21 41 8125
99 46 8127
53 83 8128
1 21 8131
43 95 8131
10 19 8132
70 28 8132
96 69 8134
69 33 8134
13 5 8136
37 5 8136
99 82 8136
29 45 8139
7 47 8144
84 10 8145
52 31 8147
44 97 8151
76 37 8156
94 42 8156
85 30 8160
20 97 8165
14 79 8166
66 18 8167
82 3 8170
66 91 8171
36 98 8176
17 80 8178
63 65 8178
54 80 8180
30 6 8185
22 51 8186
94 70 8191
86 93 8194
97 58 8199
36 57 8202
13 8 8206
22 52 8210
60 70 8212
11 58 8215
53 97 8217
37 75 8220
58 26 8220
96 82 8220
25 11 8221
47 53 8221
31 79 8221
55 63 8223
32 58 8226
67 41 8231
1 18 8232
29 96 8236
24 84 8236
15 2 8240
50 76 8240
26 14 8242
60 4 8247
23 63 8250
45 55 8254
2 66 8255
29 95 8260
42 50 8262
65 7 8264
77 45 8264
93 29 8267
1 66 8267
60 86 8267
47 77 8267
70 34 8271
60 21 8272
85 68 8272
78 51 8277
8 86 8282
19 11 8286
23 42 8289
2 72 8291
59 90 8296
98 54 8296
71 93 8296
46 81 8301
12 96 8301
56 27 8304
98 40 8308
28 58 8310
18 77 8312
2 50 8312
35 73 8314
98 81 8314
97 13 8318
17 5 8323
76 80 8326
15 71 8331
7 32 8334
21 59 8336
16 74 8338
20 4 8342
96 72 8343
25 46 8344
28 50 8344
28 51 8349
60 39 8351
44 26 8352
24 57 8356
76 48 8361
55 74 8362
67 94 8365
81 41 8366
34 23 8369
18 75 8372
34 18 8372
61 13 8375
50 90 8378
43 2 8379
92 30 8380
70 3 8382
47 87 8382
25 83 8386
91 65 8388
65 39 8392
98 74 8396
26 75 8396
99 10 8397
85 56 8398
94 36 8399
79 36 8401
81 54 8401
49 70 8406
41 57 8408
45 54 8412
96 12 8416
84 13 8417
29 78 8422
56 1 8423
23 15 8426
35 86 8430
10 64 8432
59 99 8432
49 73 8433
2 47 8435
40 76 8435
86 24 8436
85 89 8440
58 31 8441
67 17 8443
41 73 8444
78 44 8444
10 98 8447
86 26 8449
32 57 8450
40 19 8453
15 20 8454
65 24 8458
49 2 8463
88 48 8464
80 36 8465
62 52 8465
24 20 8468
5 24 8472
52 92 8472
75 78 8475
8 78 8475
38 82 8478
33 86 8480
15 92 8482
60 45 8485
41 32 8487
89 5 8492
7 4 8492
42 37 8496
47 14 8501
19 87 8502
84 19 8502
21 26 8505
79 7 8510
80 41 8513
23 35 8516
5 90 8517
54 20 8518
13 68 8519
66 63 8519
15 1 8519
80 30 8520
79 20 8523
77 70 8524
73 21 8529
9 17 8533
78 73 8534
6 49 8539
63 10 8539
17 13 8543
64 100 8546
82 17 8546
66 37 8549
74 22 8549
94 77 8550
88 44 8550
82 76 8551
13 24 8551
70 41 8555
2 64 8560
18 91 8562
22 94 8564
10 52 8565
69 22 8565
2 100 8568
42 55 8573
73 21 8576
23 29 8578
51 30 8582
73 87 8583
71 7 8587
61 70 8588
46 68 8592
70 81 8595
92 21 8600
15 85 8602
51 100 8606
70 20 8611
60 66 8614
7 16 8616
2 85 8617
93 18 8618
57 51 8622
88 78 8627
60 20 8629
56 11 8632
93 74 8632
27 81 8635
29 100 8638
52 97 8643
88 97 8643
63 80 8648
22 16 8650
48 19 8654
11 83 8657
64 70 8662
31 23 8664
86 11 8666
17 89 8670
12 25 8673
83 2 8673
94 42 8673
69 75 8678
76 91 8679
21 85 8682
98 43 8685
8 99 8688
47 90 8688
31 55 8692
91 9 8695
9 95 8695
3 39 8699
80 100 8701
3 41 8704
19 25 8709
50 93 8712
7 54 8712
29 2 8714
15 92 8715
81 46 8717
81 60 8721
82 71 8721
87 6 8726
60 11 8731
3 55 8732
9 47 8733
30 100 8733
78 81 8736
49 24 8738
24 45 8741
91 81 8742
45 90 8742
16 88 8743
19 9 8747
59 52 8749
89 5 8750
52 15 8755
59 12 8758
72 58 8762
54 46 8767
77 63 8767
69 15 8772
94 53 8775
56 35 8776
8 93 8779
29 72 8784
63 16 8788
19 90 8791
89 40 8792
80 31 8792
6 22 8796
23 54 8796
25 26 8796
40 46 8801
16 86 8804
73 27 8809
4 7 8810
36 93 8814
26 16 8814
97 90 8815
81 32 8819
3 36 8819
13 47 8824
46 30 8824
35 26 8828
21 72 8830
17 78 8833
2 38 8837
46 52 8839
58 82 8842
12 39 8843
59 77 8843
4 64 8848
86 67 8851
63 14 8853
36 35 8855
51 59 8856
97 67 8859
100 66 8864
69 63 8868
88 51 8870
45 48 8872
90 81 8872
92 36 8877
57 42 8882
52 38 8882
27 97 8882
49 70 8884
4 27 8888
3 35 8893
26 1 8894
97 58 8894
94 100 8897
64 75 8899
55 27 8904
88 84 8907
98 68 8907
48 58 8912
53 13 8915
17 33 8918
97 10 8923
45 51 8926
47 8 8926
9 20 8929
83 21 8930
94 97 8931
48 6 8935
42 89 8939
13 98 8940
11 68 8942
74 97 8945
1 32 8948
23 7 8953
89 8 8956
52 57 8958
29 71 8959
29 15 8960
64 63 8960
84 95 8964
40 81 8967
80 53 8972
59 68 8973
33 22 8975
36 76 8980
53 85 8981
21 18 8985
90 19 8987
5 19 8992
75 81 8992
3 84 8997
98 40 8997
83 74 9002
54 40 9002
29 44 9005
3 79 9005
67 41 9005
28 70 9007
20 34 9011
27 9 9012
1 54 9013
73 100 9017
31 81 9022
42 97 9025
78 3 9028
6 84 9031
49 9 9032
30 52 9037
48 53 9038
4 78 9040
78 11 9042
38 61 9045
35 80 9048
38 99 9051
64 88 9054
65 50 9057
18 21 9059
39 27 9059
27 10 9059
90 65 9061
82 87 9064
28 85 9068
57 69 9072
60 93 9077
45 13 9079
71 14 9084
64 90 9087
67 2 9092
12 41 9097
7 33 9102
10 40 9104
92 53 9108
90 25 9109
2 38 9111
51 65 9114
64 52 9116
84 60 9121
54 71 9124
10 27 9127
20 100 9130
8 59 9133
86 60 9134
45 35 9134
17 60 9135
35 36 9137
48 82 9138
23 21 9142
11 29 9146
58 14 9146
83 31 9148
11 99 9150
25 88 9151
85 18 9155
31 39 9156
8 22 9156
10 51 9157
67 64 9162
77 53 9167
83 98 9172
62 10 9173
40 36 9173
36 49 9174
6 53 9179
16 5 9182
47 78 9186
31 98 9190
54 91 9194
91 58 9196
18 5 9196
36 59 9201
9 31 9206
56 91 9211
11 53 9213
61 20 9213
33 72 9215
87 45 9220
69 37 9225
41 54 9226
82 67 9231
79 15 9233
15 43 9233
97 5 9237
61 51 9238
48 97 9238
52 36 9242
75 14 9244
50 37 9244
45 9 9247
29 92 9248
57 29 9250
45 29 9255
65 11 9259
75 78 9263
100 27 9264
21 93 9265
21 7 9266
93 59 9269
41 3 9273
31 87 9275
36 69 9278
70 24 9281
26 51 9286
49 84 9286
51 41 9288
28 38 9291
89 38 9293
31 99 9297
64 37 9300
37 93 9305
57 44 9307
21 39 9312
76 22 9316
90 54 9319
11 80 9324
54 44 9324
18 91 9325
45 38 9329
17 16 9333
67 46 9335
58 84 9339
80 59 9340
2 97 9345
95 75 9347
23 63 9350
49 90 9354
99 29 9354
2 92 9354
97 5 9359
94 97 9364
43 97 9366
96 12 9371
31 30 9371
8 7 9376
93 89 9378
85 12 9378
80 71 9379
23 1 9379
17 51 9384
41 43 9387
85 89 9387
8 88 9390
48 13 9395
74 86 9398
91 23 9401
41 23 9404
22 35 9407
21 93 9411
9 66 9413
70 47 9415
66 21 9417
5 48 9420
23 63 9420
68 60 9421
3 84 9426
82 96 9429
41 52 9434
46 58 9439
90 2 9441
75 76 9445
77 55 9450
76 67 9455
84 50 9459
31 87 9459
17 8 9464
3 89 9467
90 48 9471
99 86 9475
43 89 9475
52 14 9479
94 30 9484
44 20 9488
47 53 9493
91 94 9498
46 73 9503
53 65 9505
94 77 9510
79 94 9513
92 30 9515
79 57 9519
19 82 9520
82 76 9525
18 5 9530
65 42 9532
9 30 9535
62 93 9536
60 68 9538
20 59 9540
68 87 9545
52 84 9550
77 57 9550
66 63 9554
40 32 9558
52 17 9561
62 59 9562
45 41 9562
53 82 9566
36 25 9571
45 69 9576
30 36 9577
57 85 9577
83 55 9581
9 33 9586
3 47 9590
83 43 9592
97 62 9597
17 88 9598
49 29 9600
48 39 9601
69 13 9602
37 36 9604
99 91 9605
17 64 9606
16 100 9606
96 5 9609
15 67 9611
38 20 9612
76 69 9617
45 97 9619
54 53 9623
66 99 9624
55 13 9628
52 79 9630
85 51 9635
86 62 9638
12 21 9641
61 45 9645
82 2 9646
35 75 9650
90 39 9651
26 55 9651
58 94 9656
85 88 9658
49 100 9663
86 74 9666
51 50 9670
47 37 9670
52 55 9675
38 20 9677
24 88 9678
58 23 9681
38 96 9682
94 52 9682
83 92 9684
21 5 9687
11 38 9687
90 38 9692
42 53 9695
91 56 9695
66 72 9695
28 20 9700
71 23 9702
88 58 9702
19 6 9703
50 59 9708
13 98 9712
61 84 9717
80 44 9721
17 55 9722
63 1 9727
58 79 9729
3 37 9734
11 85 9737
70 71 9738
76 29 9743
78 18 9747
34 59 9751
2 80 9754
27 40 9756
67 20 9756
77 35 9758
41 85 9762
4 1 9765
20 26 9766
71 12 9767
16 95 9770
78 51 9773
28 92 9774
27 82 9775
13 87 9775
44 53 9776
23 61 9781
66 40 9781
75 13 9785
60 14 9786
98 8 9787
44 38 9791
96 57 9792
79 15 9793
62 22 9797
31 5 9800
30 68 9801
88 5 9802
27 23 9803
47 58 9808
74 17 9810
45 23 9810
10 94 9812
84 99 9813
1 69 9814
86 26 9816
58 37 9820
61 6 9820
15 8 9825
9 51 9829
89 66 9830
56 88 9835
64 12 9838
40 93 9838
38 93 9841
35 37 9843
67 13 9845
98 83 9848
57 38 9851
27 84 9855
11 87 9855
28 64 9856
17 48 9858
9 68 9860
95 52 9860
92 16 9864
55 47 9869
80 38 9870
53 38 9874
82 9 9874
59 55 9878
13 36 9882
45 39 9886
83 1 9886
32 89 9891
26 35 9894
65 55 9894
5 40 9896
91 3 9899
21 63 9904
40 27 9906
51 33 9908
44 67 9909
43 93 9914
16 57 9919
82 93 9919
74 57 9920
42 79 9924
25 98 9927
43 5 9932
58 80 9937
65 97 9937
11 51 9937
70 44 9938
23 75 9942
37 39 9946
38 89 9947
89 26 9952
63 28 9953
27 86 9956
51 60 9957
55 59 9961
60 59 9964
35 24 9969
16 71 9974
61 82 9976
34 41 9977
97 96 9977
19 100 9980
46 90 9985
15 79 9989
96 55 9989
80 34 9990
98 22 9990
73 84 9990
39 20 9995
14 27 10000
93 3 10005
51 85 10010
82 64 10012
51 7 10013
31 51 10015
61 83 10020
95 2 10024
29 44 10028
53 50 10032
34 76 10035
25 5 10035
9 65 10037
36 100 10038
55 41 10042
79 12 10044
97 24 10046
57 45 10048
9 95 10049
20 80 10050
83 6 10055
24 94 10056
47 90 10058
61 72 10063
98 70 10066
32 41 10066
4 36 10069
15 26 10069
92 27 10070
50 22 10070
53 98 10074
30 5 10074
89 32 10078
49 30 10083
66 6 10084
19 37 10085
52 40 10087
50 38 10087
18 50 10087
36 32 10092
76 46 10093
52 7 10098
75 92 10103
33 13 10105
100 90 10107
10 7 10109
54 25 10109
58 29 10109
44 21 10112
81 58 10117
63 38 10120
52 4 10120
39 82 10121
84 36 10124
24 42 10124
27 77 10129
11 70 10129
49 57 10131
3 90 10135
78 35 10137
12 93 10140
5 53 10141
98 14 10146
8 41 10150
23 97 10150
10 75 10152
84 100 10153
2 88 10153
55 64 10156
94 3 10158
90 47 10159
18 66 10159
67 11 10159
37 26 10164
94 84 10166
22 94 10168
54 32 10168
5 58 10168
71 29 10171
92 44 10173
10 83 10178
78 53 10183
41 37 10184
11 17 10186
45 82 10190
25 98 10195
13 77 10196
3 69 10197
89 75 10199
45 33 10200
63 47 10203
92 86 10205
63 7 10206
51 31 10208
24 7 10212
80 96 10217
2 79 10218
27 76 10222
76 8 10225
12 71 10227
80 65 10232
28 71 10232
40 30 10233
78 41 10238
98 80 10238
64 98 10240
88 69 10243
21 80 10248
5 68 10250
33 79 10250
72 7 10253
50 40 10258
79 75 10260
81 85 10263
3 60 10267
4 36 10270
46 35 10275
64 34 10277
91 62 10277
25 89 10282
9 82 10286
20 81 10291
69 73 10293
7 97 10298
65 3 10301
77 31 10301
76 49 10301
73 61 10303
6 7 10308
32 77 10309
43 14 10312
55 86 10317
45 89 10321
1 74 10322
68 59 10322
10 100 10322
36 1 10327
60 12 10329
46 69 10329
40 73 10334
98 16 10334
46 65 10339
85 30 10340
11 68 10345
82 41 10348
60 34 10353
60 83 10355
16 68 10359
94 82 10363
2 51 10365
42 22 10367
19 47 10369
55 5 10371
92 40 10371
9 64 10374
66 17 10375
51 37 10376
28 59 10377
94 54 10377
41 11 10380
69 78 10383
12 8 10386
76 42 10391
27 76 10391
47 21 10391
83 56 10392
1 27 10393
20 77 10398
1 47 10401
88 10 10404
39 86 10408
2 27 10411
63 1 10413
89 92 10416
48 73 10419
20 27 10419
2 90 10422
3 13 10426
39 25 10427
32 74 10432
65 62 10436
39 59 10438
66 33 10443
93 29 10448
84 28 10450
62 82 10455
19 73 10459
53 1 10461
60 55 10465
86 24 10469
29 32 10472
50 18 10474
34 13 10474
83 17 10478
73 70 10479
44 65 10482
3 39 10482
3 17 10486
55 6 10486
40 33 10491
88 50 10491
42 82 10495
12 37 10499
43 26 10500
38 22 10501
12 8 10506
27 98 10509
20 42 10511
15 43 10515
69 11 10519
90 89 10519
85 15 10521
73 24 10524
27 50 10528
22 71 10532
41 12 10537
22 25 10538
59 38 10542
55 49 10545
35 78 10547
92 3 10549
14 74 10550
72 97 10550
64 54 10555
94 98 10559
96 79 10560
12 72 10561
21 32 10565
85 62 10567
39 84 10567
7 85 10569
99 91 10574
50 63 10576
100 35 10577
15 85 10582
31 77 10586
73 100 10586
96 62 10586
85 76 10589
54 71 10589
33 10 10593
69 15 10598
1 16 10599
52 54 10602
49 86 10607
62 60 10609
37 49 10611
44 72 10615
86 57 10617
31 94 10622
41 37 10622
44 45 10623
60 19 10625
16 91 10629
81 53 10632
86 87 10633
79 68 10638
32 60 10643
84 99 10646
20 22 10649
49 75 10651
46 73 10656
46 70 10661
73 97 10663
73 1 10668
47 85 10670
94 71 10671
62 60 10676
46 90 10676
44 98 10676
36 82 10678
71 90 10680
40 43 10684
2 58 10687
97 14 10689
98 3 10689
31 88 10690
24 50 10691
82 49 10694
83 4 10697
17 71 10699
82 50 10702
29 50 10706
32 75 10710
64 49 10712
69 87 10713
74 7 10716
33 17 10719
69 25 10722
24 69 10726
2 22 10729
47 78 10733
89 33 10738
10 85 10743
25 6 10745
46 29 10749
20 24 10750
38 97 10751
44 81 10755
58 1 10755
48 65 10756
26 20 10760
77 53 10762
1 12 10767
49 78 10768
50 67 10771
43 87 10772
88 67 10774
80 44 10778
100 90 10781
43 99 10785
18 82 10787
60 67 10790
37 17 10793
52 28 10798
11 54 10801
48 40 10803
68 9 10808
49 8 10809
96 55 10809
81 55 10814
69 12 10814
76 66 10816
96 12 10821
61 11 10823
29 58 10823
46 57 10827
73 30 10830
14 51 10831
71 63 10831
31 18 10834
94 17 10836
43 100 10840
47 11 10843
43 50 10846
4 93 10851
30 38 10855
21 3 10856
57 73 10860
1 49 10864
64 67 10869
87 28 10873
93 25 10873
54 23 10876
76 27 10877
4 38 10880
54 68 10881
53 99 10883
24 96 10885
44 58 10887
79 29 10888
90 2 10890
55 36 10890
40 18 10891
11 64 10894
84 47 10899
11 2 10899
74 31 10904
13 27 10909
44 60 10912
97 7 10915
76 13 10916
49 13 10921
18 96 10921
23 8 10921
26 15 10922
59 33 10923
84 2 10925
38 97 10930
64 25 10930
50 64 10934
53 95 10935
94 6 10938
34 10 10939
93 40 10942
82 20 10947
41 69 10948
21 62 10949
87 82 10951
29 87 10953
81 92 10956
76 33 10961
61 87 10962
13 95 10962
32 1 10962
95 60 10967
65 58 10968
48 3 10972
5 78 10977
92 52 10981
39 76 10982
44 66 10983
30 94 10986
5 28 10986
45 62 10987
14 67 10988
73 59 10991
22 62 10995
45 26 10997
94 15 11001
39 65 11006
60 9 11007
86 44 11008
1 26 11013
98 89 11017
43 8 11022
51 8 11027
3 6 11027
79 39 11028
10 38 11029
89 71 11030
74 67 11032
53 74 11034
66 49 11035
37 70 11038
47 20 11040
54 95 11041
68 41 11046
17 84 11048
9 23 11052
38 57 11056
56 68 11058
32 85 11061
9 58 11065
21 99 11070
46 2 11070
50 4 11074
44 95 11077
2 55 11080
4 68 11085
43 19 11085
76 12 11087
98 41 11091
20 21 11094
18 74 11097
60 2 11097
3 52 11099
99 86 11104
35 14 11108
36 32 11109
32 3 11111
85 64 11116
21 17 11117
47 58 11119
29 39 11121
56 67 11121
79 28 11121
47 25 11124
64 21 11124
95 58 11129
39 89 11132
77 18 11134
72 13 11134
97 31 11137
61 64 11142
6 68 11142
20 94 11143
62 71 11148
86 83 11152
93 15 11154
38 65 11156
45 58 11156
64 24 11157
77 68 11161
89 37 11162
76 87 11166
88 2 11167
81 39 11169
42 7 11169
25 30 11172
43 81 11176
96 48 11177
27 23 11182
88 9 11187
66 36 11188
49 76 11190
98 75 11190
58 28 11192
71 84 11194
36 84 11197
69 51 11200
74 77 11204
8 81 11206
3 58 11211
28 71 11215
9 55 11219
29 99 11221
64 32 11224
83 71 11228
19 70 11228
35 10 11230
38 48 11233
28 7 11234
71 35 11235
85 33 11240
40 96 11241
75 44 11244
18 2 11245
95 44 11250
33 68 11251
27 51 11251
84 57 11254
1 17 11259
54 41 11259
21 35 11259
17 11 11261
11 20 11261
1 56 11263
24 55 11266
69 31 11271
81 84 11272
56 40 11276
54 36 11280
65 4 11282
5 81 11282
43 37 11283
64 47 11283
30 97 11286
60 67 11287
45 69 11288
97 4 11289
56 25 11291
66 83 11295
72 61 11296
86 30 11297
67 49 11301
33 94 11306
58 91 11309
90 97 11310
99 39 11314
21 26 11319
42 37 11321
67 45 11324
79 55 11324
12 60 11324
98 22 11324
55 83 11327
97 3 11327
83 47 11332
40 2 11333
73 32 11333
32 81 11335
76 87 11340
25 51 11343
26 63 11345
22 50 11349
14 61 11354
82 9 11354
86 70 11355
33 94 11358
46 75 11362
2 82 11364
59 50 11364
57 55 11369
75 81 11371
45 28 11375
65 84 11379
20 76 11380
20 60 11384
14 35 11389
18 14 11392
39 16 11397
59 5 11399
3 99 11402
11 86 11406
76 44 11408
53 15 11408
51 81 11409
55 42 11411
6 81 11413
14 82 11418
12 48 11419
15 39 11423
75 30 11424
3 60 11424
57 53 11428
22 36 11428
15 65 11430
10 45 11432
23 50 11436
26 91 11436
58 38 11438
75 80 11443
87 38 11445
86 40 11445
89 40 11448
81 65 11452
61 69 11453
51 57 11457
84 62 11461
78 35 11462
30 37 11466
7 46 11468
75 11 11473
72 23 11478
95 71 11480
4 10 11481
81 84 11486
55 46 11491
40 43 11493
21 84 11495
76 45 11498
95 67 11502
48 31 11506
31 13 11507
88 25 11510
39 41 11510
56 63 11511
52 36 11514
28 27 11518
7 21 11521
66 3 11525
34 55 11526
10 93 11529
8 51 11530
88 17 11531
5 12 11534
63 53 11539
39 48 11540
93 45 11543
74 18 11543
65 14 11544
6 57 11547
61 77 11551
21 52 11552
86 14 11555
9 82 11557
98 19 11561
26 96 11566
90 54 11567
52 27 11572
97 54 11574
5 55 11578
18 70 11583
93 35 11588
43 42 11593
54 87 11594
94 54 11597
63 43 11600
71 41 11605
1 49 11609
75 90 11613
32 27 11615
86 79 11620
90 63 11622
56 54 11625
21 60 11629
30 95 11629
91 38 11633
69 14 11634
45 20 11636
91 7 11638
48 37 11643
70 90 11643
82 51 11644
15 84 11646
54 26 11646
42 31 11648
69 71 11649
71 83 11653
41 92 11655
32 59 11656
76 82 11656
100 1 11661
94 41 11666
50 23 11666
33 69 11671
53 75 11673
52 55 11673
13 4 11678
57 73 11681
63 44 11684
55 100 11689
66 25 11691
30 1 11694
15 73 11694
74 83 11694
73 15 11697
90 23 11701
66 47 11703
34 48 11706
10 66 11706
1 84 11708
38 96 11712
32 51 11712
56 89 11717
34 77 11720
68 50 11722
36 96 11725
12 17 11725
87 72 11727
83 6 11731
49 40 11736
63 91 11738
53 69 11741
10 100 11741
69 40 11745
72 2 11747
19 76 11747
8 80 11747
64 10 11747
35 36 11750
2 26 11753
37 46 11753
5 4 11758
62 38 11758
23 59 11763
60 98 11767
100 31 11772
39 53 11776
80 26 11776
40 35 11777
37 94 11781
92 6 11784
93 84 11788
95 75 11788
25 22 11793
1 10 11797
1 26 11798
81 21 11803
89 50 11803
41 70 11803
72 10 11806
40 92 11808
68 11 11812
28 20 11812
91 14 11816
46 65 11816
17 86 11816
44 23 11820
91 10 11825
54 14 11826
78 48 11828
98 25 11829
23 24 11829
76 16 11829
100 3 11833
9 48 11838
30 83 11839
15 48 11844
44 11 11845
93 34 11848
54 33 11852
7 49 11857
60 26 11859
84 10 11860
9 17 11860
35 7 11861
42 97 11861
87 26 11864
23 45 11864
4 37 11869
79 75 11869
74 16 11871
66 21 11874
14 52 11877
99 33 11879
25 92 11882
84 22 11887
96 22 11888
26 91 11892
27 56 11894
42 53 11899
56 63 11900
36 18 11904
15 62 11908
3 52 11909
57 5 11911
5 63 11911
51 19 11913
85 93 11913
53 52 11917
92 59 11917
45 86 11917
67 9 11920
28 84 11921
34 27 11922
95 67 11926
37 56 11930
26 29 11934
37 11 11934
94 5 11939
92 71 11939
22 17 11943
23 76 11947
65 39 11952
62 54 11952
46 76 11954
54 83 11954
35 6 11956
31 57 11959
8 47 11964
61 12 11964
66 79 11967
97 3 11968
29 60 11970
7 11 11972
46 83 11973
8 64 11974
40 82 11975
21 15 11977
45 20 11980
1 61 11980
48 65 11985
49 60 11986
3 87 11988
15 90 11990
64 22 11992
51 59 11993
94 27 11997
74 37 11997
78 92 11999
39 23 12003
22 42 12007
51 56 12008
76 83 12008
36 40 12011
72 24 12013
51 15 12014
57 40 12014
68 23 12014
10 46 12014
67 42 12019
97 8 12021
42 4 12026
90 8 12030
24 68 12035
97 15 12038
75 17 12043
14 18 12048
62 58 12050
28 83 12053
18 64 12055
78 92 12059
61 38 12061
25 82 12065
81 88 12066
32 63 12068
37 5 12069
19 70 12069
86 80 12074
41 14 12074
68 78 12074
33 89 12079
95 100 12082
18 16 12082
85 36 12084
61 50 12087
93 22 12089
54 9 12093
25 54 12095
34 52 12100
13 98 12102
70 79 12103
97 15 12108
62 58 12113
39 78 12115
26 35 12120
71 66 12120
22 47 12124
90 12 12128
52 61 12132
49 12 12136
32 60 12141
81 23 12145
64 63 12145
24 5 12148
96 54 12151
97 73 12155
65 19 12157
42 79 12159
17 57 12159
15 32 12163
85 91 12167
32 75 12171
28 74 12174
100 27 12175
1 98 12180
9 98 12183
90 12 12185
58 66 12189
29 41 12194
66 100 12198
38 22 12199
30 16 12203
13 81 12205
81 67 12208
81 85 12211
98 4 12214
80 79 12216
14 77 12217
55 66 12219
67 49 12220
35 76 12223
3 15 12224
8 46 12225
24 9 12228
3 1 12228
63 76 12233
17 60 12237
88 67 12242
29 75 12246
52 49 12249
86 37 12254
2 39 12254
20 30 12256
55 16 12259
24 7 12260
54 43 12264
83 68 12268
99 5 12270
54 64 12274
20 35 12279
95 9 12279
55 70 12283
61 90 12288
48 44 12291
85 61 12294
36 23 12294
83 84 12295
7 90 12295
74 14 12299
34 5 12300
92 77 12301
11 43 12303
5 65 12307
45 37 12309
59 91 12310
34 87 12315
95 37 12315
45 48 12316
30 48 12318
39 93 12318
34 21 12318
25 51 12320
74 14 12325
40 54 12326
90 2 12326
45 8 12331
81 37 12332
18 51 12333
92 5 12334
88 55 12339
63 23 12343
80 86 12345
32 13 12348
38 11 12348
16 66 12352
91 68 12354
70 68 12358
20 84 12363
53 24 12363
31 94 12365
57 3 12366
79 2 12371
60 82 12372
8 61 12376
47 59 12376
40 44 12380
12 40 12381
58 100 393