1854926986 156 45
7761 -5402 8689 1504 4786 4705 8570 -8459 -8658 2267 4789 1614 6165 9966 -7789 -6806 -9117 1207 -3839 8601 3636 -7414 1270 3249 -956 5605 3417 3411 -7234 -42 -6622 566 8303 9953 -9696 7997 -7603 -6450 -2365 1619 9378 -8955 7706 -2656 -1683 
-9149 -381 5248 543 -1494 -6237 -2806 -615 -829 -8423 -4444 7466 -149 8316 4285 6468 3829 -5897 3266 -8132 7321 -1520 -6223 -5043 -7096 -2795 3161 9224 -1125 -7466 -8517 1439 -121 240 -8750 -6114 437 1587 -4261 -8906 -341 3445 -4986 10002 -3355 
-10022 4433 -1062 1883 9952 1738 -2805 -7990 -7753 -9679 -6309 -5549 -302 -7066 -4994 -9878 4661 -724 -1570 8507 9371 -6373 9895 5611 -4376 -327 7812 -5433 9010 559 -7084 6955 -6940 6903 9044 4925 8548 921 3590 8442 3068 8274 -3549 -7850 376 
-1297 -2332 -5050 -9308 5638 7449 -9574 4137 -1146 2103 -9932 4368 -7036 -4454 -679 4405 829 950 -8814 2612 5928 -6967 -3739 -518 -7612 3452 -1002 4957 7918 2008 -10011 -9955 -6132 -1745 7187 4952 8663 -5722 1287 1636 -3203 -465 6296 9991 3422 
-8642 -6986 9355 8698 -4034 8341 3896 -4932 9337 4473 -5296 -4661 8550 -9861 -8813 -6004 -5741 -5577 2070 -5836 -6167 -6195 -9420 -951 6863 -4793 -5487 1142 5561 -9774 9854 7470 6592 4780 -8842 -4464 4923 9769 -2711 6390 1912 8461 3873 4725 -2410 
4856 -8072 -4718 877 3464 -1758 5528 8112 -6611 9553 -6323 2703 6910 5465 -8397 -5576 2509 9767 3485 -7341 -348 -4517 -8493 -4494 4825 6995 -5461 -2607 3092 -5703 -8219 8097 3760 8148 2322 4408 -2897 3018 6631 -5288 -50 -2332 6863 -8748 2412 
-7144 6258 6827 6290 1793 2651 -788 140 -5715 -7958 -7791 -2712 -2206 -874 -8004 -3670 -888 2645 9865 -5219 4828 2979 4961 6639 5712 -8218 5112 764 -4240 -5257 7677 204 5908 -8234 7539 579 -1807 8084 -1 -1682 -508 5874 -7437 1859 -6589 
3229 4873 6021 -6961 3861 -6999 8361 -5559 -3260 -2289 5379 4855 -5569 3889 5169 3019 -6828 7681 9186 1671 -3938 -7081 -1703 834 -8210 -8943 -7041 -8819 -4691 1885 -4940 -7296 1983 -9203 -9270 -2329 3971 9508 -1452 -2767 9465 3737 6881 -5440 2246 
6182 -9152 -10010 4510 -9593 -2017 1548 -7050 -8243 621 -429 9996 1249 -3244 691 -9427 2144 -45 52 -2047 6113 1275 -2016 -6542 1456 -6195 -8503 -8834 1146 7642 -10051 5264 -7745 -5443 -2498 -2642 -2377 -5384 1769 -3009 -9363 4733 1050 5390 6483 
-140 -3774 -2439 -4162 -787 4665 -2749 1011 -2168 6434 2857 4869 316 -8698 1835 -8949 -9767 4324 -7083 -3724 -5281 -9600 -9776 -7478 9433 10058 -9355 2459 1187 -6595 3159 591 9575 5051 -455 3245 4297 -6315 -2060 -2808 -5809 8443 -8715 -7523 -2986 
-9523 2780 4224 -4641 7913 -7122 -5912 2348 8512 5487 5297 -4456 -1895 1056 6415 -944 -8614 7619 2714 -2291 1636 -1523 -7479 4241 2208 2061 -9702 -9492 -2 -3283 -6761 1165 -4034 215 -8174 3605 -529 3385 9410 -6296 -8008 -8927 4384 4684 5573 
5828 9921 -9014 634 -8707 8134 -2086 -6328 -786 -6229 9464 1819 -7936 -5523 -653 7175 -8743 -5011 -2351 -1887 -4991 7772 6337 2534 8251 -8973 1028 1520 -9043 -1300 -463 4295 -7669 1042 -5996 -7928 -6991 -4103 -8044 -10033 -689 -4142 -7253 8832 -9921 
-3253 -2994 3065 -3817 -8729 2427 4357 1743 6429 -5564 1672 2440 1327 6493 -8455 1263 978 -9896 -1943 5353 -1530 -4436 970 -6050 4102 7984 5129 5284 -3670 5143 4694 -8339 2416 -1098 360 7870 4005 -5816 -865 -1205 4181 7730 -8450 3721 5775 
-4747 5036 -8314 -6950 -5996 4611 -7552 -7397 -9143 -6797 5098 -7010 -7799 -4891 7325 703 7561 6340 1389 7009 3492 8143 6263 4179 8461 8190 40 -7520 4986 3880 9311 -1945 2534 -3850 4329 -628 7092 -5534 -3936 3055 -1414 -1401 9683 -5101 -6183 
8830 7961 -4879 9631 -2904 -9962 5690 -622 -8176 7967 3052 3103 -7765 7970 -3428 9091 -3447 3640 9679 -2089 -9458 767 -6015 -8568 -8347 -6182 -495 -4024 -1614 -6378 5419 8760 -225 4056 6063 -8391 3638 4334 9268 47 3039 7616 -1935 382 -6901 
2258 2272 -6916 6094 -2261 -6430 6164 4867 8944 7096 -5444 -9784 -8487 -3050 163 9037 6265 1092 -1947 6359 537 -3117 4895 -9690 5012 4724 7829 7192 -10061 1108 4572 -8144 3085 -9089 5065 -8542 -686 -6619 9705 3390 -8702 6456 9 -2922 8073 
-4588 1668 2197 -3531 7127 -7205 6919 1282 -2816 -5361 -2540 -2072 -6731 4334 -5717 4207 -163 -6415 -1003 8207 9412 6392 1906 -1098 312 8957 1176 5748 1334 -3994 9002 1314 -8791 -3444 -1230 -265 -6021 -8530 -8679 1209 -7238 2582 -9496 6514 -1638 
-2138 2733 -5929 4205 5284 3472 -5665 -9111 8353 -7472 -5323 7541 9763 -4343 -5625 -2745 -6510 -5118 -53 -2461 321 -3128 -226 -395 -6148 -9634 -6274 -4097 7787 -704 -7175 -5764 -6381 -4945 2086 -9671 -6992 3330 -7323 -176 -7533 370 -827 7028 -681 
-2193 7356 9244 -5276 -688 3343 4814 8475 9607 3754 -7511 -9596 5458 -2787 -2301 -7042 6509 122 2900 -5615 9443 849 7380 6408 362 2772 9408 -8302 1108 -2428 1195 -9145 5962 -7422 35 -9380 -8167 -4736 -9765 -3232 -9989 4082 -7576 -272 -1916 
-2667 183 3760 -9574 2661 -9945 -7354 4887 4139 9603 -10048 2304 5606 -8813 4355 6697 9845 -4732 -6912 -2176 4739 -5091 8841 1863 8058 937 -2601 -5511 6234 789 -8090 -4603 6139 5806 783 2291 1815 -7097 5017 3186 1754 5946 -2248 -2678 2112 
-2756 4343 -2312 282 -6376 705 -9512 7835 7595 -4244 -5610 -4168 -364 6591 5071 5589 1867 -4635 9397 2232 5814 536 556 3840 -9122 1006 4265 -9241 -2334 -4129 7805 8980 5153 6663 7114 -8295 6719 -654 -8488 -5246 -4648 9026 -4127 -652 -3461 
-1459 -2427 -9021 -4332 7845 -6496 9140 -9831 9012 5013 396 -8891 8996 -8386 -1639 -1323 2319 -6902 -9047 4122 -9755 5792 -5123 3681 -1934 4898 -7667 9020 -5283 723 5167 -4557 -7760 5816 2565 8957 1667 -6953 -7107 8844 -6956 -772 -6023 -355 3585 
-5491 4922 -1881 -9987 4297 -4154 4510 9158 -1135 1040 -1619 -5730 299 -3177 -2422 -6357 3679 1796 -2325 3341 -2445 378 5251 2734 5268 -8430 -180 7904 -5766 -3930 -8939 -3563 -2155 9742 -177 9334 5830 6319 -7001 -1122 -3394 -2318 4 -2490 5523 
-9854 6359 2806 6396 -920 -2194 3959 -1426 -1756 -8014 2867 2516 1289 9867 4801 394 4557 -5822 9425 -384 -4141 8582 8233 -1113 8608 3977 -8117 1175 6180 1296 5047 -8085 998 -2787 8361 3546 -2896 -8901 6394 6998 3513 6933 2997 -7276 2074 
-9098 3593 -4881 -1365 -1774 3552 -6545 6730 6306 -7645 4165 6994 -10048 -8523 -3657 662 -8147 9282 -732 -1375 8007 -124 -2187 -9275 2106 5083 -3340 -9912 -3889 5672 -2534 82 -3707 8860 -3522 9851 -5736 -3009 -1452 -3112 6976 686 4327 2854 5520 
7299 -8328 -8629 -8922 -2958 -955 -9230 3104 -7729 2981 -5098 -5192 -8621 4478 -5543 -1963 -10040 -1781 2848 8278 -8898 929 -9353 1811 -5871 6883 5113 7609 -3725 -7571 1350 -1896 3683 -1249 4937 -6553 -1257 8203 9808 6804 454 -7475 3104 486 4707 
7734 -7082 -5673 5993 -5550 2537 -3203 8936 -3386 1542 9378 5291 -6268 -6492 2537 -7074 2754 7444 -6288 8498 -3269 2876 -10033 8460 -8674 4884 -3409 -2962 4680 352 -7460 -7442 2840 -7442 -8467 4141 -1810 4087 -5794 -3799 8300 9551 6170 47 -1796 
7236 -338 -3036 9778 948 7171 -4678 -5748 7316 -8378 -5424 7708 8671 6104 -6180 242 4257 4405 -6196 -6058 6251 6739 -7916 9236 9868 9818 -7586 7577 -9768 -8396 3436 7228 8557 -346 692 -4950 2781 2730 2036 8545 -1619 -8169 -5072 -1513 -5735 
-8247 3455 -3285 -6945 7764 -3789 -1761 -576 -6075 -2381 -4382 -6958 1053 5309 1414 8448 6259 -661 9346 3655 -7681 -3232 -6981 -5591 2749 -2598 -4365 5295 -1540 -9672 -2305 -7088 805 4432 9180 -6506 -4217 -9147 -3197 8107 5023 -3356 1896 -8150 8080 
3243 -7209 8051 -4233 5518 2061 9879 -5319 6267 327 -7240 1752 3798 5051 2078 4738 7865 -3963 -606 3152 -6030 5527 -1045 3325 -529 6189 8745 -5426 1864 -112 -1472 -6879 1838 9055 3865 4734 1781 2287 1242 -8098 -9420 934 -9727 -1872 -580 
3423 5082 -169 7665 -2985 7933 -84 3729 8092 2468 9086 550 5561 -4757 3337 7343 6917 4011 -9282 178 5445 -9960 8116 -6572 1773 1622 6410 1725 -8976 4096 6792 6569 -7573 -8811 -7078 9806 4059 -1128 8526 -6962 -2184 -2494 -98 -2901 -517 
-3550 -8597 2668 8132 -9389 3115 -956 -1258 -319 -6864 2376 -6024 2370 -4254 -3020 5822 -1549 6071 6398 -8405 8493 -4149 5773 -4511 -6176 -4617 -3295 7273 -849 6398 9647 3987 9008 -1199 10073 -9290 1083 -931 7695 8132 -5602 5725 -5907 -9381 -3528 
-6023 5112 3540 3967 8772 -8384 8463 -5365 -8166 9074 3179 8853 -8233 1797 -2068 -9492 5250 -2701 3454 -10071 9043 -7473 4600 7170 9921 -9660 3019 -9017 7785 -2052 -4782 7281 2357 9019 -7866 -7036 4359 7820 5263 8380 -10051 5462 -3461 -2879 8588 
6285 -5072 9631 -2673 8617 2563 2792 727 -472 6403 1665 -2549 7673 -690 7728 -6738 -3510 -1811 -74 -5584 -3178 -9182 5097 643 -7377 -4319 3149 9193 -942 -5465 9599 -1581 -4750 5417 -9604 -8435 -4488 9809 2400 3595 -8428 -2438 2362 6183 4877 
-4166 7543 -7590 -6248 6700 655 3698 9162 -4354 7000 4390 -10013 7648 -1708 7672 1439 -377 8952 3459 -9394 9956 -5656 9259 -3398 7893 9102 -232 -1643 2883 -3387 1128 3474 -575 5910 9047 373 2193 7607 7946 -9792 7655 8469 -3708 -3406 -8658 
4347 -1037 9720 -4930 -3208 6381 -2784 -7100 -6238 -8766 1561 5460 9856 9930 -8681 -5373 5168 8768 -7741 -3900 5238 152 -3062 7346 -6755 2856 -10022 -9658 8632 248 -4915 8946 3817 8973 -8265 1389 2804 7566 4541 -2066 -6779 6256 -6322 -2211 -4326 
552 -7784 9112 -5337 -9045 264 -2991 334 -6399 6908 -3708 6 -5048 4654 -2046 -9726 6296 5701 6410 -5342 -4268 -4316 -1093 4088 -4973 -310 9544 -9697 -5360 9551 -5745 -7562 -8486 -4178 -5650 4997 -6311 -7307 6545 6011 5179 -6760 5194 -3529 -8128 
8707 9307 8737 2051 8563 -112 -9694 5916 7076 -7138 -6939 2328 5459 6106 7155 3453 7442 6681 2330 3393 1147 2756 -6206 -563 -202 7822 3601 -3832 9691 -3469 7275 3358 490 2760 -5508 -7818 -3011 5686 -6705 7007 6491 1655 -6124 9753 9643 
-208 4288 7709 7345 -1237 8229 9373 8250 -206 4675 6831 5033 5253 7784 9601 8328 -8583 9997 1484 3269 4095 3394 4357 1918 3404 -8743 7404 -9099 -4760 -3055 -8776 -8016 5915 4783 -8416 8262 5594 -6002 -2369 -637 6003 -2832 2291 9578 3184 
-3900 3705 8506 -171 -1529 -7517 2877 -5380 7560 -89 -5069 9882 2052 2752 -10029 -1795 -1557 4911 13 -7253 3799 975 -6970 -4107 -5622 -6629 4861 -8350 9771 -1550 -5488 517 6888 -3936 8667 3572 -3024 -8633 487 -2251 -2729 9852 -7429 544 3863 
5918 -2312 -9820 -2198 -1057 -2764 2557 -10072 -201 3936 3180 -5744 6060 3326 8369 -4770 8280 -817 -6780 3403 1997 -5696 -8171 -1315 4305 -7629 -895 9538 -4228 -9946 7539 -1160 6676 -2237 10026 -6191 1419 -1521 2804 2580 -403 3613 -693 465 -5969 
-4880 -8286 8529 -3806 512 -7783 -3367 -7378 1258 -7043 5084 9496 3200 -893 4236 -8337 5745 -3982 5221 -1231 -4075 -6807 -7313 3883 -164 -7840 -9850 3596 9689 3648 6220 -9133 2322 -5391 3210 1245 -8191 8985 2128 -1967 -5669 2667 -540 -244 7275 
778 -7046 -7417 -3723 9261 -2557 7176 8874 47 2971 -7801 845 -6370 -9482 -2871 6394 -299 4574 -4379 -9226 -7614 -5019 -4280 -625 173 2469 -7640 -8245 -4616 4012 -6371 -9521 5771 6949 -1781 4237 -9619 -4503 -7190 9007 -1424 -8350 -7453 5570 -3071 
9417 2956 -8099 -884 -6840 6079 -3905 -6699 -488 3611 -5950 -6400 8636 -4386 4306 8990 4299 -8991 -7562 3654 6499 -5614 9942 8021 -3138 -5476 9444 -2191 -7912 -4598 1113 9044 -8764 7181 8635 -9371 1929 1182 -9623 -39 -7948 -4335 1818 -3498 -5072 
7892 9255 -7670 5500 7168 2904 8605 -9638 -6533 -514 -490 -4890 -9517 1845 7194 6463 2698 -2837 -674 3453 -25 -7796 -9584 -2307 2633 -2115 -6912 3163 5272 -6951 5802 -7028 -3405 740 8426 554 1621 -1310 -1720 -2573 1741 -2598 8941 300 -1667 
4565 274 9373 4466 -7642 5243 -6215 4024 -4115 8917 -7245 -1209 1168 8477 -1752 -3871 -144 8548 6377 -6772 -4486 -4264 -4606 8129 5166 1203 7010 2594 -9838 3255 -8716 5259 2258 8035 -731 7026 298 5331 -8958 -3823 -7120 -5694 -5529 -1793 582 
10044 -3692 4890 -425 -8315 6842 1235 491 -503 -10021 680 5701 -8032 1422 -3698 80 9420 8092 3506 7031 -3520 6671 1049 -8926 -6028 -10006 2968 6008 -4230 5170 -1443 1663 3751 -4522 7073 2943 -6948 4155 3963 6354 -885 -1872 -7139 -3978 2059 
-7728 -4826 1727 -9027 -3150 2438 -3178 -5769 6077 -9063 2146 -8329 353 5726 9890 -3939 -5204 -9954 -3472 -1744 9946 -1062 -7892 8022 -408 -883 2952 -8428 -1874 -715 447 -3824 571 -9769 7088 6666 -9489 3367 -6695 5647 5190 8470 6479 9669 337 
-7050 -7002 8114 -4669 6489 -9966 -2578 1132 -4249 5349 -3121 119 4368 -4747 6952 -3407 3907 2765 -50 6955 3655 -477 -7489 899 6389 1156 8392 6713 -7725 -9304 -6083 406 1089 5468 4589 -3913 -3009 6311 -2238 1699 -7615 890 6403 1729 6685 
-2168 -7067 7649 -4367 -2590 2314 9351 9859 1467 8048 7468 245 -251 5356 2027 -6825 -2425 -7962 2685 -7177 7868 -9970 9927 -2431 -9639 -4175 3745 -9541 2313 -6616 5545 -15 -6787 -233 4250 -615 2285 5477 2708 -5452 8672 4755 -8880 221 6455 
4715 -4933 -8308 -2788 9356 -1006 7738 -3410 -9873 -7982 -3639 3054 -2943 1597 8218 802 1078 -3210 -4036 -4753 480 -1126 -168 -2103 9425 -5761 3848 4317 7059 -3019 -9769 -832 -9947 -995 4701 2902 4328 -6927 -1711 321 -5113 -8892 -8335 -8610 -3170 
-7584 -5931 -9445 3718 7933 -3199 -8190 4400 -2147 3801 1671 8571 -8099 133 -3393 5825 -2670 -586 -9446 7250 -2672 3716 8302 5435 8413 -1997 3068 3613 5655 -7247 -9817 4849 -272 469 -7446 4035 -4848 -4512 -2172 6000 8344 9924 6955 -3239 114 
521 -5753 -5650 2747 5186 -1678 5745 5257 1434 8719 8354 -1437 7491 -4006 -4679 -4101 -9218 -8906 -4997 -9536 -1883 -9985 1551 9961 4307 -7168 3245 -4560 7531 -1582 -7182 3321 6503 8988 -5678 -7982 -5091 2841 7248 5201 987 -6365 7123 9044 8858 
9555 3099 7794 -5721 -6069 7701 -7646 3673 -8944 -3840 6677 -6315 8200 -8920 2434 4768 1832 1005 -6322 -4070 2349 -9574 -6938 -1086 -5539 1761 -5257 8492 -3632 -2679 -199 -6007 3449 741 -1259 -1753 8788 -3618 -2787 -718 864 -5152 -5547 4309 4824 
-7632 3733 -3595 783 9727 6355 -9578 8207 1866 -6354 -624 6581 -524 -8498 3632 -4640 -3673 -3976 8449 341 1225 4777 -6204 5424 1707 2818 9972 -4374 -5083 3612 -4171 -9586 6549 -3825 2549 -864 -6821 -5531 -6572 -9220 2678 2942 2305 5191 9647 
-2896 5842 -5614 -7500 -7130 3542 4233 5972 550 5677 1018 5680 8237 420 2712 6973 1586 6622 -4324 -9600 -8123 7246 4314 -354 -1067 5470 808 9104 2506 -4892 -9324 2878 -422 9628 -6648 9231 -5457 -8052 566 9810 -7761 4199 -1858 3951 2909 
1913 4184 4728 6948 -5408 4896 8681 1313 1917 -6067 -9954 -7204 8141 -8433 -6035 -3064 8476 5307 -7431 5160 7909 -9293 -1996 10067 -1713 -6257 -10062 7248 9211 1626 5923 6383 -1216 70 -2610 7499 -2176 6993 -7727 10003 -6011 8654 -359 -2356 -3904 
-4782 -8086 -3126 673 -4158 -9445 7124 -1787 4167 -3920 -7063 -2555 8943 -3371 -1826 -6784 9612 -2409 2924 -7417 -3313 539 -5063 706 -9908 -4619 3961 3189 6771 1660 -328 -4350 9449 -1184 -7829 1061 6456 -7064 4573 1620 -9140 -5314 801 3496 -1565 
-5944 3723 5866 9637 -8358 3240 6255 -7435 5303 5088 4184 1948 4354 1560 5584 5336 5195 -3256 3761 -8869 -4151 4110 3715 7376 -1774 3059 2510 -7586 -2025 3132 -5841 -1456 9231 -3683 -9881 3065 -4370 9140 6313 -4947 5610 -7620 -4767 5140 3633 
2474 -8914 994 897 -9296 -995 5010 4950 9471 -1240 9874 -4934 9821 -546 2732 -6715 7094 -9283 -5661 6252 9995 -256 -9347 -3599 4905 7013 3033 5808 370 7877 -261 1486 5831 -4833 -9580 6601 3800 -4191 4644 9318 -7601 3576 7664 -9118 1054 
1297 -7469 6592 6806 7105 543 -5743 9139 2005 7629 7589 -2198 425 4297 -4308 -470 -2407 9116 -4718 8254 500 9519 -6067 6489 -5287 6344 -9270 4909 -6041 -4418 6752 8859 -1892 -6653 -4394 7208 2073 -5212 3817 2739 -594 -1725 -9568 -5401 6754 
4785 4231 2082 6200 -1629 -1324 5905 1018 1335 -3602 -557 7630 8681 3633 -9024 -3924 8971 -6729 -9482 2726 5480 1658 1737 -1130 9065 -9472 6175 1148 -6040 -5576 986 -8451 -3113 6791 -3311 2408 -7422 -5679 1793 -4484 -2754 -3752 -5224 -2176 5135 
1264 7164 -8095 9026 5105 -5368 525 2125 10010 768 9492 -5781 3135 -6203 -7407 -4086 3807 -5810 -238 -4289 -4774 397 -9151 1409 2476 -8705 -3053 6281 -4128 7841 2336 2069 -7748 -7823 5953 -5240 -9113 2204 -2115 -2646 3747 -418 247 -2506 -3123 
-3117 -7170 5906 5846 2705 -2872 4520 -9073 -3379 -682 9287 4623 8231 -4301 -8011 -4655 -3193 -9515 7989 9691 7656 5802 -5860 -6140 270 -6181 -8607 3860 8171 -1352 2444 3241 2429 4725 -10082 7258 -1125 8652 -4540 -9351 -9284 -4623 -4370 -6599 1932 
-7212 -9482 -2879 -6982 5670 -2785 -708 1147 -8138 -4075 6905 -3543 -7461 -8595 2581 4105 -9403 3979 -9583 -1115 -4699 -1547 2579 -457 -3859 4850 8547 -994 8986 -2410 -5542 9638 2577 7087 -767 -2536 -9430 -4777 10078 -5789 -6216 9788 -8657 7553 8385 
-2984 -6955 -6638 -7212 -8061 -2733 -8327 336 4837 -3909 -7783 159 -9319 8074 -1292 -2634 -2903 7545 1251 -1174 4295 5509 -1976 -113 -3972 -8418 -9235 -9276 586 9121 3206 5773 -1511 -3166 -1896 -1058 -6534 3797 -7626 5511 -3719 -7236 -3568 -1053 10076 
5862 -9553 -7434 -4424 -5024 6691 -9508 -8967 6732 7380 -3113 756 -7068 7209 3826 -2102 -3931 460 1928 1398 -3082 6143 7034 7442 -5798 -4673 -8578 -9937 6352 -8656 6938 4218 -56 -6478 -6253 6940 3783 -2030 -6234 -6824 2357 9973 -3597 762 -6485 
7764 -6381 4617 9795 -4478 9124 8931 -4759 -6965 5925 -911 -9137 -6744 -9097 7406 7134 -5031 -432 -1628 -2248 -8395 6793 4067 139 -5964 -6466 -7390 -3460 -1867 7655 8550 1995 -6362 -2296 -7994 -1390 3615 3288 8690 -618 -626 -3710 1101 -22 -4866 
-4875 -6117 -713 -191 2421 591 -268 -6859 3258 -3371 -1293 -991 6874 8467 8106 4736 -3018 -5545 1820 -8997 412 -5535 -5618 -9567 364 -8652 1708 -1911 8287 7449 730 -9712 -5576 -3603 3314 2951 7158 9895 3199 -2999 -2742 8266 5946 -3853 -7092 
6880 7108 2669 1300 -5348 372 1480 3904 -8876 3200 6001 -42 4495 -8711 -5528 4966 -3791 1073 -7267 -6405 -7368 7041 3511 2122 -6698 3715 1080 300 7731 10000 5592 -1817 -4687 -9292 5229 -41 -4247 -168 5285 102 6036 3034 -9269 -1782 4761 
-8779 -8908 3524 -3700 4620 -9423 -2581 -6659 -3773 8692 -7296 -4173 5769 -9704 5205 5043 2485 -2652 -1062 2504 9688 2629 1156 9701 -6166 9231 -6507 5663 -4004 -5459 -3348 5778 639 7131 6923 -4233 8475 3446 7987 789 4228 968 3385 559 6365 
1164 -4991 1317 -5117 -5444 -7819 5524 1738 9325 4798 -3149 -9641 4979 4083 9469 -2923 5622 8007 -8487 6273 5819 6222 -5310 -283 2353 1544 -6301 8565 1571 -8070 7876 1591 -2977 9564 -333 -3815 2446 4284 -1925 855 -6406 5954 4252 7175 7752 
4268 -9185 5974 -892 -4752 4656 -6163 -5040 -6427 -2223 4739 1125 6492 -5178 158 3042 -8598 -6199 -4043 -5377 337 -6900 -6907 -2577 7720 6037 -8551 -873 6346 9250 -2664 -6875 4619 -7390 -9532 9968 9226 -3333 -3327 -2269 -2744 350 1584 9577 873 
-2842 -9680 4053 -5502 2581 4303 6446 3628 -3801 -817 -6972 5235 -6865 -2759 7757 -2362 1121 -3140 8029 548 -6335 -8945 4787 -241 -8608 -3605 -5063 6604 6329 -6542 -9172 4160 -5307 7729 5919 -6508 -247 -8280 6362 -10039 -1913 4562 -1303 7081 1135 
-331 -3211 -7188 -9378 4461 8886 -8178 8468 -1435 2138 -2626 -5128 -4443 3448 5337 9191 -4668 1735 -2918 -4689 3421 6562 -8455 -9320 8516 -2153 4449 -5167 -9391 -9364 -6024 4177 -5302 -6531 -3322 -8461 8063 9536 6119 -5489 8815 -7128 3996 -2373 1414 
-4186 -2462 9207 -1437 829 2780 -943 -2098 7296 -5014 -613 7014 10047 8083 -577 4076 7862 9307 -565 -8369 -8056 -1577 7862 -4704 5327 -8944 -4744 -3627 -5772 6247 -105 1949 9685 7783 -2989 850 -3864 -5746 1975 8465 -1168 8040 -7190 -7159 6730 
-9600 891 -8863 -8393 -4561 1089 9001 9016 5527 1588 -3014 -8686 5131 -4054 -1051 1875 -8096 1777 2076 9039 7203 1502 9985 -7537 1093 -1030 6765 -1669 -6740 -2805 6818 6351 9828 9998 -1483 -9465 -1055 -1032 -3986 6920 -6333 -2318 1482 6251 8307 
-7910 10044 7525 -729 9157 -7010 -5462 -8288 -7451 5268 721 -5792 -5242 10080 -3603 -1655 7680 -9581 9604 -686 -242 2869 -1675 1154 -9797 -1391 6123 1790 -3870 9152 -2475 5073 3996 -6396 4017 -2089 4518 -7803 5717 4519 6699 -2879 -2077 -3707 -1395 
6432 -8378 -8567 -7596 7482 2099 -4204 1438 -9933 -6051 499 4630 761 -7628 -3989 -1807 3920 -6597 6279 4203 353 9243 -2393 1046 9144 919 -3390 -147 -7422 -900 6992 -9657 788 4768 9670 -5318 7366 4448 -2252 -7735 1992 4217 -7028 8368 -6104 
-1497 -4497 5790 -4868 -2532 -9622 -4454 -7046 -5850 -7441 -9529 8514 -4664 2318 -7700 -5754 6985 -9987 -9752 3685 298 -8225 -10024 7236 -2866 -4864 -3076 -4735 5165 -7519 -8058 2108 1966 4744 8745 7744 9931 -8225 1877 4240 8324 254 -3522 -7554 4386 
1777 9344 9892 -7964 8163 -6905 -5674 -3019 -381 -3386 -8562 -3232 -5046 -3802 387 8215 123 4636 9015 5504 4053 7374 -3766 -279 -5769 5159 7340 712 -8755 -5048 -10035 8519 9042 -7660 -3715 -6409 7536 -7118 -9653 5633 8512 -8350 -279 8293 3209 
8033 -7988 7154 -7415 4698 1737 -6059 -9141 4814 795 9964 2029 93 -5439 -8788 6103 -227 -5400 961 -9569 3339 7885 -5007 -9113 -3405 -4015 -7022 -6602 7075 -3207 -1298 9045 -382 -4365 -4956 -2534 -1813 7655 8773 9252 536 4151 -3537 841 7249 
3942 9804 4681 3163 -6683 -8274 -2705 1243 3771 -1919 -9411 -9048 1749 982 -7813 2035 9899 8466 93 7182 -6914 6641 -3332 -5181 -7781 -1775 3659 2663 3668 6501 -9132 -2889 -7658 -9507 3372 -5250 851 10056 6759 3148 -6938 5120 -2029 8944 6668 
2451 -6863 -196 -9182 3100 -915 -2166 -4094 2854 6673 -1017 -5624 5009 -720 -5560 7665 -7004 -4073 1361 -3264 2081 8677 9209 -4261 -4934 -3458 -3653 4087 6948 -6472 -2361 4882 -2123 -8471 8370 6891 -241 8079 -3259 4046 -3090 9777 -8782 -2037 -9288 
-8877 12 -4098 -2728 -7576 -8084 -3022 1449 3303 -7342 -2606 -508 6167 6743 -4250 7838 -6276 -4653 1489 3076 885 -9780 -8853 -5348 -2708 635 -20 5944 -8057 -3439 9659 -8183 -7424 -9386 -3147 8048 -100 4305 6373 9321 -7691 128 -8771 7338 -7753 
-608 -113 -6227 7495 4825 3053 2059 6797 5936 394 6433 -268 2454 3672 -4041 -6062 -10051 3423 1380 4326 -906 -3955 8102 2477 7733 -6992 -327 7194 6429 -3538 1684 7466 2559 -8366 4249 8137 8340 7000 547 -7839 -3574 -8159 293 -4356 2719 
-444 -9072 8408 3394 -8631 -57 -10078 2145 3831 10086 -5042 -274 1083 8599 -974 978 1013 1816 1397 3561 -5555 -4878 3162 -8915 -4173 8731 6583 -9405 8937 -5054 -7695 6535 2324 7601 -7191 8043 -9297 -5870 9272 3694 2499 -429 235 6448 -1364 
4510 -8415 -9280 3233 2295 -7099 -9636 8970 -704 -3146 -4914 1681 -2758 -6442 -2052 -6960 312 -4225 9609 3825 2964 -6849 1168 -1655 546 2398 -650 -963 -2925 3682 5342 2260 3358 -9438 6628 -2780 4045 -3998 4063 9479 -5445 -7928 21 8675 7015 
-697 -4750 -2759 -925 1005 -5703 -8458 -4505 4292 7067 -6223 311 2404 -9749 3181 6080 -2881 8797 5196 -2278 -2833 7929 -3460 338 1062 5714 8363 -3227 -1003 -7355 -7538 -7727 -3387 -5652 9916 -9095 -8834 8821 -4177 -5534 1071 -2088 -3440 2356 4586 
-5212 8308 4292 9328 1167 3766 4430 -9853 3463 3986 6653 -183 8467 9743 -6456 -7377 -8521 7737 -422 509 8691 -7492 7668 7308 1549 3243 4590 4138 -6307 -7848 -4783 4287 -5225 -3164 -242 5113 1722 4306 5253 -2597 -8632 -4710 3875 7451 -658 
9846 280 -7490 6606 -8218 -6332 4829 4670 3510 -5964 -450 -2187 -2708 -4276 -5614 -1784 9561 -3061 -231 -2046 -8554 -9744 2155 -8653 -1504 8566 -2360 -5178 -1400 8786 -4194 3756 -7408 -5571 7443 9961 -6743 -7210 460 4739 5837 -6510 -5348 -4081 2844 
-3911 3533 8439 795 2789 -10062 -1866 -1440 -3479 4496 3030 3945 -9074 8356 7320 9949 3865 1025 432 -9326 -1083 -5054 -9812 9242 -516 -7743 7409 -3903 9985 -844 -4864 5824 -9169 3134 -9093 -1628 5279 7866 -8484 -8469 3055 -8687 -228 223 5225 
6451 2673 -8619 -393 6094 -9313 4779 -3047 -3087 4907 -1847 -1207 -7017 -4154 -5922 1005 8825 8077 -2189 -7972 9854 -1513 6950 301 4911 -7067 -6859 4534 2188 -438 -5369 1897 2265 -5170 -9982 7999 6630 4680 3674 -6920 -8396 3034 -8948 9872 5458 
306 -935 926 -5218 -3915 -764 9964 7454 -4755 -8749 903 -28 2231 4736 -1496 -8361 1260 -4126 -9480 101 -4585 7503 -721 -9650 -8005 -3713 606 2810 -6230 -9809 47 -4593 -7408 -5834 7560 -9927 -803 -3353 -21 -3697 6722 6514 192 -418 -4729 
5005 3657 3972 5037 -2733 4397 324 2142 -3035 -4621 -8965 -8391 -6352 6646 -7362 8573 4847 -5320 9824 -6426 6886 4653 -4183 8758 -500 5844 4969 7051 7408 -6995 3920 1754 -7304 10073 -8854 -4531 -5051 8080 -9082 -7155 9629 184 -1767 8076 1205 
-2214 4506 -8770 -6755 -8575 -460 8739 -5529 -9179 -1017 -7704 -2233 -6743 9838 1106 -2589 -307 4728 1384 -9869 -7172 -4462 -1663 7449 4415 3671 281 166 -886 7700 7525 -5724 4804 3611 -1383 4325 7106 -3035 1474 -6048 -1360 9981 -1755 -9296 -4232 
7709 1947 -99 -1563 1390 -7970 -6114 -651 -2103 4693 -312 -9313 -4096 7996 2325 3724 -3476 4972 9190 -7680 3342 -7369 3791 -9745 2711 -8087 10072 9724 1512 -26 -335 -5177 2518 -5552 -5665 -4282 8654 9625 -1076 528 2077 -7533 6391 8846 -7240 
8909 -277 4415 -8342 3479 -4600 -6197 -6481 4104 7568 -30 7294 5894 -595 7614 8496 8743 -6926 -6449 -2399 153 -337 -2723 7270 5306 -1420 4852 1187 728 8607 6727 1863 6685 10020 5010 6644 7553 5045 -7147 -2632 -6376 7686 -6055 -105 7758 
-5239 5577 -9211 8035 4591 -3827 -4436 245 9489 3542 -1573 -9495 -4431 8364 -2331 -6283 -7558 -9116 -8079 10012 5180 -6863 9057 8647 5362 -234 6324 -8009 3767 5970 -6489 -2262 6317 -3158 5955 -4650 -8340 -9255 2634 -2178 -9465 -6698 -1271 -9669 -1086 
-3593 -3841 7145 -8818 5450 2783 1456 -6852 -5339 9368 3974 -1018 809 9820 483 -4699 9407 6773 -8936 -1153 -1785 265 8571 866 129 -2074 -2417 -3269 352 6734 3040 -6599 8340 6948 -8337 1716 8220 -1171 1006 6696 2078 6705 7586 1235 -5781 
-3192 4382 -654 8758 -3317 -2777 7085 4796 5519 2657 -8341 809 3418 2414 7360 2922 -2944 -7175 4941 2398 4793 8782 7681 -1920 -6625 9895 8528 -5971 -6032 324 -7306 -6449 3395 9355 9550 7227 506 -9138 -9588 1414 -3376 3359 -3152 -9410 1734 
-237 -4000 2673 3645 521 -6555 6629 6123 -6061 8247 6092 6414 -2412 -8797 -2398 -940 -9632 -4665 9885 -3286 -3845 -4368 -1169 1254 3387 8510 -1697 9215 4126 3912 -8054 2514 -912 8503 -1040 -2890 955 4358 -5708 6286 9707 -2717 3210 2009 3060 
-2518 -1851 -2767 1160 -9676 755 -1441 5465 -1177 3434 5877 6358 -9558 -3474 1860 8823 -2671 -6164 5116 4137 6918 -645 9988 -9646 -1602 -7881 -631 -8235 4291 -1208 -5596 821 748 -5612 -8346 -8081 -5767 -6264 8169 -4925 4773 1744 -9666 4151 -583 
4927 -5014 -3787 9982 3975 5030 -1856 -2037 4263 9411 -1758 4354 -5214 -3625 -9703 9177 -2074 4596 5221 2260 4687 174 570 -9022 7051 -8871 -4499 2735 -3366 4532 8973 -8517 -4646 -6384 5220 5865 -1602 -1272 6977 7656 5242 7388 -1403 8087 -8648 
7856 -5917 -9899 -7488 -5120 5841 -9905 2227 -9507 7560 1466 -7598 4318 9142 -7145 -3105 -2737 2975 -6126 -9751 -1825 -7486 6234 -4672 6272 9598 -9639 7288 -5613 4641 -5124 -8400 -7875 -1125 10055 9653 9422 9706 4947 -7921 -8466 -8213 9559 -7664 -351 
4916 -4304 9014 9594 8600 1284 3396 1313 10020 4495 -2061 -5098 8545 7886 -7657 -10031 6374 -6651 -4071 4974 8989 3501 -447 9105 3072 -2258 -4273 -4231 8150 5122 4078 -6236 1230 -1114 -8108 -3030 -4298 4246 -463 5654 -5057 8764 -4088 5564 -10043 
-1615 6207 -7853 -8538 -7075 1605 8848 -4639 4314 7982 -8142 9881 7003 -8431 -6007 6288 6805 9626 -970 7150 1289 3195 9477 5010 -3366 -3042 5954 -1350 -4007 6680 4107 9905 -7309 7112 6198 9107 6325 -6932 9000 -9483 -9981 6468 2046 -8797 -7338 
-6492 -6889 1413 -406 3309 -7115 3068 8091 9012 8478 -10021 -7400 -7499 6680 1478 -5017 5228 -5879 -5980 9477 5181 -5884 -2742 7276 253 7800 918 -8778 -8277 6418 7807 -8923 -8443 5447 918 -700 -2641 -6116 -4438 2131 9301 8782 -1842 2874 5398 
1010 -7282 -452 -9573 -894 -3748 -9257 -2309 -3546 1647 5022 -5189 -4303 -9447 620 5807 2399 -3778 -6402 -2085 -137 723 2133 -856 5989 -5318 -175 1948 -7036 -9512 4651 -2157 -4351 -5324 -2762 8882 4355 -1790 6720 5440 -7121 6927 -8381 9912 187 
-1879 -9481 4106 4020 -143 4543 -8850 3338 7178 -9824 1280 1633 8155 2336 923 1802 1191 -8025 2832 5762 9051 -5736 6140 994 4800 -9359 -4244 -5767 5527 6952 -6180 9336 -4168 -4408 4256 -6064 10016 5288 9119 -8082 6722 -9701 -1517 -9120 -4201 
-8640 2792 -5510 2628 5455 -9347 5858 -7234 2283 1909 -7712 -5593 958 -9171 -980 5052 4819 6408 -8821 7857 -706 -8110 -8381 4079 -9721 3868 4121 -112 7873 -10041 -3733 9717 -5939 -5439 8283 -8469 7929 -4734 1167 6609 -9996 -8201 6006 5499 531 
-277 6484 9394 1031 -3575 -278 1827 -1342 -2360 -9410 9732 -1977 2315 8766 -3229 -5653 8456 -10063 -837 3792 1654 -6024 6021 3667 9878 -8959 8667 4891 -7861 -891 9273 -5237 3520 -6165 3910 -8436 -4420 -3587 336 2425 -1893 -5742 -9369 -6637 7390 
3497 1204 7250 5882 -5293 1139 9051 -2955 -3625 4663 776 -5394 7182 -2245 -5212 -4564 -6950 2461 -385 3107 4557 1202 -6266 -1460 7128 1939 -8528 -7829 -7875 -4508 -174 -147 4260 4095 3113 -4069 7769 -7115 3129 4109 -9736 9846 -3261 5682 -6249 
6485 2294 6761 -2813 -921 -4647 -4788 7175 -8011 9367 4748 8600 -3603 -289 -3516 7648 1490 -8660 2732 -9392 2502 -5863 -6312 6635 9621 -7154 -5465 3599 -6752 -4454 38 5145 4197 -8262 5721 1442 -8820 2848 1612 -3295 4220 -6271 -7999 9796 4878 
-9505 7714 1731 -10032 -2455 7172 2093 6438 -1274 -7246 -5501 -7941 4640 -3627 6255 -9555 -9759 5988 -7848 3401 5667 9310 10004 3363 6160 -2567 483 -356 -5528 9746 1710 -254 -8720 -6191 4340 -7932 -3341 9170 -4957 5827 1742 -252 7057 -8109 2997 
-8258 7111 7993 -9861 -1729 1718 -4300 -2822 1961 4535 -2977 -3114 7962 -2353 4652 426 -9353 -3488 1831 5861 5750 3865 148 -9377 -4992 -1539 5737 -8139 -8751 7297 8255 -5362 5625 -7873 1563 -878 -7057 4640 -1608 -4982 -6621 -8433 -4210 -3437 8947 
8835 -5422 -2474 -4435 -8057 4666 -150 6667 -9337 -2091 6292 9601 -2909 435 9233 2930 -1821 -266 7535 -6005 -6476 -4254 419 626 5775 3348 -9822 4809 2700 452 5401 -3156 -636 -7519 6841 -699 -1201 9789 -4741 -8879 -6011 -4390 -8251 -5005 6610 
-515 8265 -5026 2905 9436 4458 6976 1347 3617 -7144 -156 -193 -1352 362 3058 6559 8834 -1246 -4425 -7342 2430 -7617 -4888 -5244 -3909 7741 3445 1241 -1343 -1464 -198 4387 6698 -9372 1759 5314 2752 2849 7921 9440 2766 8750 2814 -2366 -9540 
-234 -2549 -6241 -5468 -841 -4439 741 -1655 -5978 6515 -4395 3210 -2724 -8930 -9568 -4717 5901 5522 -7209 -3287 7522 -271 -8299 7984 -5971 -9115 7551 -8883 4256 2227 -3552 -6437 679 7164 -977 -8814 -373 -8408 9725 -1602 2080 -2594 4919 6841 9363 
-2660 7918 -417 1095 7245 4020 -5740 8542 -7265 -1453 -9404 2165 -31 -274 8011 -2340 9509 -4226 -4138 -8369 -9707 1538 -7497 -9054 -5964 4115 5469 5022 -4112 -7275 1614 -3162 4709 4277 -4716 6920 814 3567 8825 -5617 -3799 -5319 -387 3447 -4903 
4779 -2345 -2897 4413 -6106 3533 -6471 5163 2022 -9667 -597 -6344 9187 -3675 -5852 -865 8609 -5372 4124 -7463 3717 8905 5050 -4408 1749 -6686 -4763 4184 -6106 1764 -9448 3335 -449 1532 8297 8513 -471 -6923 -9300 5251 -9784 9153 -10011 -8808 -9355 
7611 -4120 -1354 9983 -9652 3260 -6754 9958 -9933 8204 -4874 -5986 -4698 9695 2409 -447 45 8078 3606 -5565 7065 -4560 2290 -9588 -1470 -3872 3708 9258 2500 -103 -6952 3831 -1504 8792 8143 1242 -6317 -2193 1723 1495 -7852 8833 9945 -2065 2571 
6556 8217 -622 10024 7953 -8804 3520 6103 -2543 -8165 9302 9212 1978 -781 -5132 -5681 -2868 -89 2414 -537 1350 2085 7252 502 9482 6925 -182 -845 -6368 3598 -1331 2058 1656 9056 3318 5831 7349 -7569 -7133 -4101 -7436 -6351 -4706 1768 3903 
-9151 263 7389 -4853 -4100 -83 -9467 3886 5817 9446 -9830 -9767 7089 754 -2482 418 6915 5895 -4916 8005 4612 -9740 -2965 -6401 -4503 1777 1411 1148 -2803 5327 -3042 6698 -9105 -44 -6065 7030 785 -9189 -966 -7622 3682 1623 3878 1512 -6081 
-1364 2030 7147 9262 -8286 1393 -7999 5071 8707 643 -1539 -5457 -3323 -2118 -5030 -8629 -1874 -1909 -3894 9708 -9707 5558 -807 7445 607 -5388 -5488 2195 -49 -4784 -5463 3343 3979 1324 2618 4803 9588 -2822 4357 3042 2301 -5938 5684 7666 -2007 
3026 -6887 559 -1514 -7091 -9456 4698 -2411 3761 -4219 -6635 4156 -1130 -4035 5162 -1841 -3367 188 6579 -3925 -4804 7054 -3089 6835 -2378 -8352 -1539 -3648 -1309 -7877 677 3958 3460 52 -2896 -5112 5212 -5293 3232 7575 -8782 5093 -9319 3524 7340 
-475 -8393 -549 3613 -2109 3649 1038 6125 2084 -6398 -9650 -3437 -6209 8354 -9508 -9272 -9666 6459 2449 9800 5981 -4387 -5507 7249 -155 7816 -9127 8847 942 -4822 944 -7528 -8965 -701 9282 -1984 7612 9825 9256 -9569 -430 8760 -198 -6260 5341 
-1339 -9096 -3228 5987 -8449 -5153 -8556 -9637 4590 7465 -9949 -3277 3771 1761 -9149 -3312 -7205 -6356 8542 4505 422 450 -5857 9957 7334 -4845 35 4440 7208 -2497 -7171 9621 4741 3308 1426 -3894 -928 -7954 -6856 6321 6071 1393 -2478 -3142 9407 
-8006 -7140 1985 -7379 -1264 3351 -8025 7383 -4913 4689 -7091 1566 -8307 -4997 6102 6623 -9684 -2700 -8909 6069 7080 -8006 6876 2565 211 -6421 4209 8647 537 -2512 1950 5115 -5798 -1836 1415 6642 5793 2814 6069 86 6644 3981 5832 8225 -5038 
-10002 5693 -9574 -8285 -1789 5072 4258 7300 -5048 1423 8769 -1856 -9594 8544 -3574 5227 3982 6099 -4412 -661 -5846 1106 -7403 -9891 -9139 -9718 2133 6869 -7579 8073 9239 1454 6458 7745 -9157 -3767 -6389 -6519 -2430 -8038 -4975 -4908 8735 -3008 -8609 
2163 -5417 9339 6756 2836 -5391 -119 10086 7917 649 -9996 5044 4734 3013 -2333 2503 5264 1812 -3262 -4857 8726 -8707 6502 3013 -1079 -6065 -7871 -726 1502 -10043 -4097 2497 5927 6819 6865 -9295 552 -9662 9047 -1995 8390 -5442 -8102 -9873 -5265 
-7883 734 5391 -4795 -3790 -4999 4063 5354 -4128 8654 6785 3748 -5513 -3866 -872 -6588 2922 4516 1479 6370 4437 2748 -3105 3032 -7837 -285 1869 6792 2981 -752 313 -5073 4293 7465 6764 -4069 314 -5596 -704 -7253 -2066 5408 5037 -8225 -9813 
-8468 -2016 -2320 6293 6689 -1454 -7487 -798 7934 -7882 -8363 847 8457 5102 -8193 -9486 1672 3725 -5691 1025 -3999 -2718 -9580 8952 -9882 -7436 -1310 -205 -671 5058 4820 832 -5236 -2709 -690 2649 -2544 -7035 9994 6972 -3955 -5109 -3856 -9545 -1496 
2375 -8978 -195 1722 -2134 -8419 3027 -6088 -8044 4454 -7397 -3171 2185 7747 -8343 6116 1772 -1829 3436 5407 -141 5455 4303 6991 113 -7010 2140 -3660 9676 6274 5054 9696 -1476 -5775 946 2365 -1519 8973 9200 4535 -6418 -4485 -6890 -8770 6395 
2439 -4818 -8517 4405 -731 5463 5472 -540 -6681 69 -2701 4640 -7377 9341 -9024 1454 4140 -1639 3955 1941 1833 -7390 -40 8165 -7068 -7228 4491 5840 -3285 -1836 311 4193 -8234 -5175 -356 3177 8647 4601 2999 7738 -7229 1381 4653 -131 -8786 
-4216 -4840 -2106 2570 -5707 -3323 -7718 4892 9978 -9166 -6909 -315 2830 316 -1992 4679 -2784 -1252 7733 4650 -4873 8719 9031 8061 -6476 2089 -1331 2135 5304 7966 -4420 3438 -8848 1655 6516 -8888 -5554 -755 9707 -6812 2536 3869 -5732 -2927 5680 
3187 6404 863 -1750 4484 -6416 3219 5585 3498 320 -2628 5989 4143 -4191 489 4882 9449 1072 -1075 -3859 -2883 6709 616 -9018 7066 5078 -10009 -4796 -9157 -8523 -8835 5230 10074 1682 -5662 5329 6321 -813 8474 2550 6099 3280 2119 -1080 8843 
9297 -5225 -2399 9014 7236 4230 3083 5248 3980 -5877 10079 -9792 3319 -9970 450 -8060 4811 -2095 -1114 4173 876 -3458 -8715 3887 -8743 4123 724 6829 -8999 8371 810 -7120 -1851 -2362 1616 -1687 1759 -7625 8895 -1003 212 -3837 -9614 -4260 9520 
-700 5985 5241 9952 -3102 -10020 1271 -8336 2055 -777 -9356 973 9138 -7306 293 -927 9588 6555 4507 7545 -1826 1431 9110 -1115 5370 6003 -506 -3612 5107 8456 7040 7633 -2160 -8364 -6317 3983 1731 -2064 5646 6615 6107 3787 4347 4603 4466 
-251 -9106 7341 -5659 -5073 -7721 3865 4894 7826 8220 8183 233 -7584 4165 -3979 -3303 -2413 -1596 -2767 -6281 -3273 -6676 9545 8095 6176 -4323 2387 -4914 6411 -4721 -3516 -10051 2025 -2815 2180 8685 8689 -4312 9824 8691 4178 -8990 -6815 5011 -3367 
365 -9192 -7322 7094 -3450 2989 4389 8741 -1814 -3767 -3732 266 811 -436 -369 -2272 -948 6223 -10028 2977 8981 -9575 9024 -9671 -244 8590 8409 -5066 -7982 10086 2515 -6326 8643 1053 4928 -9012 8812 6869 137 -6002 4005 -5092 -4302 -3075 -1924 
6513 7553 -5101 -7294 2842 5379 -1099 -4342 5302 -894 -5654 9388 6812 1095 5627 7216 2853 -5267 4493 9003 -1147 -1455 1508 1886 -2218 -2196 -9795 -7755 -2297 -2244 -6103 8208 -1228 262 4919 -3977 4155 1754 -5826 -4485 7717 -3022 9638 -9859 -7924 
8292 291 9543 7045 -7190 3800 1429 5901 6208 2778 -4037 -2589 -904 -3985 826 8450 -4209 -8120 3667 8352 -72 3390 7959 1361 9578 9110 -6046 7872 -4483 2303 -3394 8397 -6599 205 8708 -3268 -9139 -5261 -7624 8911 9313 -1965 -7951 8154 5954 
-9033 4806 -7329 5674 -734 2155 -3827 -5598 -4964 5029 9934 -2172 7741 7799 -2670 9977 -9972 -5207 -5602 -4619 -527 2273 1591 -5526 -6598 3361 4757 -8291 -754 6466 1502 1890 8824 4524 660 -1503 467 -955 -2030 -4822 -114 -2063 8950 1009 6000 
5225 -2033 5709 7740 3882 8202 -1116 -3732 -6208 -2597 -7765 -1332 2584 -5828 -1505 -761 -5870 6728 1931 -3178 3189 -3773 7904 -8330 2330 5052 9169 -1146 5183 2094 2146 1192 -9976 -5487 5946 -1304 8993 3748 -3231 -5285 3639 -4963 2435 9530 -574 
-6746 8832 -7253 9315 -3972 5107 -6374 9268 -7341 -1854 3557 -1779 3260 1849 -6266 6769 -8463 9267 5631 -8037 8864 6624 -2725 -8180 4351 -586 7003 -8844 -9229 7910 -5086 8750 -2441 2510 -2493 1343 1670 -3572 -8472 4493 7038 2029 -7393 -7437 -4257 
9814 5751 8957 -8110 -8688 -902 4170 8061 6285 2667 3724 -3316 5008 -1884 -4458 -3148 226 -4853 -3520 8059 9477 -9975 5909 -1224 -2272 -1386 -2984 8621 -8179 -1927 9613 3781 6123 -5012 1364 -1761 -2901 6760 5212 -7787 -8887 -7230 -1448 6837 -8069 
-3327 5869 -481 -1306 -8911 -9271 113 4597 -8185 -8407 -8734 6407 -717 -2822 -6815 7894 -6414 7430 -2009 7500 831 1948 -9851 220 -3977 3485 6847 -1667 3829 2995 6886 9713 -2949 8968 -2661 7144 5919 6190 -9938 -5487 4095 5686 -8144 8609 -7087 
4692 4169 -9141 7747 7089 9000 1457 -2851 -7639 2287 -5154 1766 2838 284 4527 -5213 607 7046 -3962 9010 4629 2816 -235 -4578 -9916 9757 -5098 7137 -7815 -5832 -7002 -77 -5570 4160 2336 -5796 2798 -6283 5147 -7560 1042 348 -8701 3707 1441 
-6243 -9189 -9693 -9591 -2218 -3121 -4693 -4154 -503 5472 8055 -4588 9801 -9258 4918 -6963 4648 3257 1419 -7100 -8540 5537 4754 6428 4241 -530 8307 1121 8143 2412 -4218 -2462 -9659 5340 1575 -8802 6065 5645 -7321 2026 -5405 -3200 8148 3320 -5835 
-3760 -7923 3464 7342 2938 -4293 -4659 -8573 -439 6654 -6740 1615 -700 -5507 -7441 3536 8149 -3772 -8242 5158 -9441 318 -4573 -3962 -4121 7673 7915 520 6977 -1094 3520 -7131 6583 2635 3121 4051 -6748 516 3298 -3888 6278 -9819 3489 -10049 -7313 
4317 -301 -3690 -6070 3661 1809 -2293 7330 -1821 6239 9592 -8952 -3972 648 4519 2651 -7067 -9415 -3623 -6947 -1170 4731 4313 9595 2054 2549 1185 -5801 2311 -7694 -1372 -1801 -4846 -524 660 -988 -614 -999 3442 6889 4155 837 -6225 5079 1543 
8540 4264 -2298 -2030 3453 -4374 -3257 6220 3272 -7234 3600 7733 872 4932 842 -9796 -4770 -1420 9924 4220 6606 3774 -4600 4403 -5684 3673 8548 -9704 7761 1129 3696 -6031 3893 6316 5594 8427 8930 -4694 8714 9296 2024 -5337 23 9987 9288 
4797 7630 1206 -3608 2126 -5165 10059 2931 -7378 -2283 -1834 2205 9953 -6290 -5653 -9908 10 -4785 -7729 9670 4234 -8330 -8761 2738 8147 -9258 -7115 9718 -1869 7237 -231 -2636 -1734 9457 4999 -2761 -2903 2210 3309 2230 420 -6849 8195 -3901 -4835 
-1047 374 8344 -5824 7920 4922 1210 -2492 -2764 4854 -496 -7947 1922 3621 9622 -1350 -2848 -2852 2089 -3842 1287 869 6709 -7380 5905 -4483 -8465 -8989 -4614 -7079 -95 2193 -797 4348 -7894 8700 -9168 9976 -7533 5257 -353 5065 -1099 2525 6389 
1169 -5015 -3157 -2903 178 -6730 -7034 -2974 1770 -4349 7833 1933 -2230 -177 -9100 10062 -6385 6788 -8745 7044 -6490 -6987 9495 8007 -5738 -5315 -7581 5859 3653 3465 4124 -1995 -8292 -1846 -1890 4616 -8054 -6004 -1970 -2526 -403 -2992 -146 7620 -9499 
