-29511687 97 25
4986 -6759 4041 -6771 -4130 -1186 -5446 7858 -6804 -6261 9006 3145 3041 -60 7554 -9223 -1390 -3134 4048 6410 6175 4022 7920 2333 -3001 
-5641 6415 -7370 9455 6057 9634 7998 -6158 -7104 7967 -1058 3864 6201 -7871 3706 9561 -8280 8912 -3992 -8940 6725 -6030 3901 9702 -1742 
-8305 6268 -3290 -9092 -3838 -612 -9375 2014 -9673 -6118 2734 6459 -2490 -6772 5148 -3998 -7724 6678 6740 -4989 -6926 5379 6479 7471 4510 
1926 -7510 -9503 -6017 3735 -1195 6099 5698 8571 8948 -6714 -1024 7259 3554 -1008 5119 -962 707 -238 7506 8508 -8020 6037 -9054 2671 
5487 2595 -3250 -489 -891 -7299 -4945 -5413 -1987 -2664 5679 5731 -81 -1479 4848 -8205 3956 -9986 3576 -2479 740 5512 -826 9732 3418 
8454 -8087 2300 7846 -3601 -5855 -8273 -7437 -1821 -9013 3194 -4168 5564 -8335 -7449 -9214 3204 8901 -7329 8680 -5747 -6400 2138 -9326 -6347 
-5386 -760 -8905 -1914 -9149 -3421 -7025 774 8931 1824 -4320 5459 1629 -7702 -8589 -1385 9941 4473 111 5947 -6121 872 7246 -4916 10081 
8518 -1378 -8776 9665 2004 -1688 3239 80 9004 -3410 5651 404 7447 -5948 7614 -9141 4926 8096 4528 8553 8899 -9022 -3338 -1895 6569 
5093 2921 3271 131 -7313 403 8366 -4622 -8552 -2044 8304 9193 -2929 -654 -4668 5659 -7523 1835 4583 9408 -414 -2537 5036 -3079 -9887 
-4859 -9275 -5062 8590 1706 -4340 3787 834 9164 -4136 5181 -7842 -8133 6339 406 6254 2329 9730 -4567 282 -7743 3965 -8425 -6759 -2188 
-7297 -8386 -7425 9748 -4580 -2376 4234 -5353 7844 -9832 -2635 -7800 -6340 251 8848 -3961 6057 -3748 3779 -9685 9909 7237 -9350 -7478 -5478 
4777 7062 9324 6883 8746 5704 6244 -1387 1318 -615 -319 2819 -882 -6186 -4780 1462 6592 -3292 5784 -331 -2475 -9507 -5801 -7618 6791 
8939 5827 -10059 -6253 38 2526 3305 7622 1594 419 -9763 1793 9220 -2566 -7033 5507 3379 -787 5303 8170 -8398 9556 -4467 -3757 -6103 
9366 3540 6038 4105 6942 2602 -7092 -648 903 887 -6121 3031 6710 -5650 -972 5373 9775 -7238 -8251 3090 -8568 -1027 4434 -1702 6738 
-6045 1455 4986 6755 8076 -7095 2680 6768 8861 4742 -850 100 9529 -5975 2671 4076 2105 9058 8840 -4241 -1571 8306 -9381 -6841 -4903 
8560 -1910 -3358 938 -4624 9260 -2799 -8342 -5697 6315 -7127 -3180 -2753 3763 853 9649 7441 -8183 3793 9097 3836 6189 -5044 6324 2462 
6665 -10019 5627 2146 1046 -3797 -6257 8377 1295 7794 -6909 5604 8684 -7087 3087 -8761 -2701 7712 -7175 -7014 -1935 7877 -4961 -438 5375 
4854 9000 3917 -1093 1849 3553 8075 1959 1886 3310 1551 8175 744 -6950 2044 -668 -414 7415 -6169 6262 -3777 -3124 -6378 -8265 -3995 
5860 4591 -6500 -2513 4059 -2921 -2342 6718 4205 -1353 -1331 -7373 4102 9592 -9651 7718 5454 7874 1753 -6082 3045 9130 8752 8251 9931 
-2705 -6458 5382 7817 729 -5990 4951 2727 3472 -3076 148 -8400 7894 -2475 6707 -4680 7264 2327 5951 -3947 -3403 9142 -561 8504 -8587 
8146 1103 6828 -4594 -7064 -9287 -7390 6137 50 -8880 5331 -5711 8966 5400 -1675 -56 -9545 9869 3004 -5133 3806 -7998 -7348 -6125 -6312 
-5377 9997 -1753 -3230 2989 -3169 -2125 6727 9717 -4929 1708 -6215 490 9958 7857 9308 -6813 4526 4433 8314 -5704 -9081 3701 -8789 -9674 
-2620 9135 -8959 7192 7489 -5585 4889 -7743 -843 -6583 -46 -122 -5972 -4174 -2628 -8219 5886 -4343 -9201 -6892 7854 -4753 6986 2870 6547 
7379 -6124 4148 9534 9079 2532 -1126 -6960 4982 3278 1719 9562 960 -8273 -521 -10018 7436 6395 7883 -6230 4192 783 9162 63 -3665 
7075 813 -8306 2321 -1200 -652 4718 -1081 -1264 8364 4361 7390 -4621 539 3163 214 -1837 -9779 7803 -3502 5857 8178 -3432 -9245 -9710 
-6350 -10053 -4610 -2359 1060 -2184 7275 -3903 7181 9828 9227 -6429 -9881 -2078 3589 7487 -8743 -8752 -10062 9761 2887 -7633 2706 3428 -9231 
1134 -5702 -4701 -4004 -5559 4648 -8341 -4146 3667 5987 7823 7152 7806 5060 -7382 185 3640 5690 -665 -4009 4064 -667 -7333 9489 8043 
-6530 776 -2126 -5843 145 -7685 -5437 -3831 -137 522 8667 889 -8344 -2578 -3002 -4166 3713 7542 -3370 7019 -8863 -9714 -9852 -5670 -2386 
-6913 3227 5163 2567 2911 -918 -10070 -8771 7376 9941 -7863 -6003 -7727 10044 -7023 2821 -9330 -9644 -8932 8990 3191 -2477 6495 -7624 -8856 
-3511 -4207 -9743 4797 8138 10013 -2545 -6873 1762 2756 2388 5115 -8028 -1960 -127 8973 -8649 3296 -5945 -2833 10004 -3621 132 -3099 4039 
201 -1613 -7731 9268 9917 -3683 2833 2849 -4991 -192 -5076 -4860 -1302 3365 -3791 5564 -9278 2435 5664 -1909 5656 -644 -6764 -3254 -4601 
-6356 401 -11 -5857 2216 3534 -7618 7439 7603 1437 -1598 3665 -1775 -3478 4935 7806 521 -1589 5939 7248 6601 -3033 2174 5935 -5166 
7155 -8593 -7922 1927 2611 9459 192 -5497 9586 -1743 -1319 -7525 9969 8052 7679 -6558 -7958 6217 -9168 -9813 8135 6538 -7261 6732 -685 
1565 2988 -6701 4230 1954 115 -8465 -8278 -5407 -4903 9586 -8797 4112 -4328 -3303 756 3071 5111 3962 4113 5654 -245 1373 4042 433 
-3623 6176 -9401 3768 5012 9041 -9367 -3286 4263 -7255 -956 -7200 -6342 -343 7136 -5735 -5549 -3863 2993 -1282 6706 -7526 6950 8256 8035 
8563 -3855 -1538 -5230 8644 7015 5976 -8897 -4427 727 -6853 1386 4408 2505 4136 4123 3475 -4234 3258 -7701 2885 -1773 7098 -916 2871 
3313 -572 -3932 8850 3023 3190 2808 -4239 -9710 -8404 7173 -4922 -8764 7342 -134 -4832 -5574 -5102 -9109 1195 -8081 -4860 4077 1515 8680 
8338 9565 9902 -8557 4579 9582 9405 392 10020 -4299 4008 -9719 -1086 9616 -8492 9148 922 5473 1548 -2674 -3834 1171 -4652 7211 1097 
6490 187 9957 310 -10027 1115 -1938 -8518 -6156 3491 97 -7182 3319 3169 2495 -8860 611 -9661 8965 1276 -25 249 -9661 -6361 -4675 
-5107 3120 7661 8757 -6095 -8734 5004 3504 6434 -2742 5518 7229 -2628 9192 -4410 2339 -2484 -1750 -6978 7082 -3033 -1206 -3433 1177 5276 
8107 8735 6554 1697 -5343 5023 2240 -7893 -724 5448 -3523 -5872 9019 2726 6960 -8904 -5305 -9421 5491 -2252 171 -2985 -3425 -3266 -7470 
-2821 -4508 9758 -4555 -4137 -5735 -5269 -9108 1628 5912 2801 -2664 1642 -7307 -446 2044 8134 8000 4931 -5761 -6542 8607 6142 -5658 -5114 
-2334 9218 8963 -8772 6921 -7761 -7933 9992 -2266 -7729 6839 -281 -9905 -1758 9243 -4609 -6079 -6982 6988 3061 -3990 8073 2638 -1463 -5417 
2391 1041 -5109 8368 7831 9834 7392 -219 5981 -3205 -7436 -6170 2943 -6003 -7192 1312 9097 9401 7218 -4886 6825 -4730 -6907 4218 -987 
-4674 8063 8718 -6396 -6857 -116 4014 -6403 5862 -1772 -7155 -9300 1509 7492 -2335 5138 6767 -3087 2272 4874 5601 2655 7731 114 -9697 
2963 -440 8893 829 7595 -8234 -3917 9861 -590 -8512 -5523 -3834 6792 3801 9784 -1818 -2553 -1083 68 -6144 4533 4743 -2894 -8980 -7094 
-1068 5371 -7979 7659 5702 3647 -1219 3957 2947 -1904 -5318 9193 7526 -249 -8472 -840 -484 -2260 -9767 8773 -1156 -6328 -8577 -9005 -1804 
8008 462 8067 -6635 4380 -739 7491 7969 4488 -8938 -493 3841 -7931 -5475 2801 -7564 6220 -8477 2003 -2670 7237 -390 -7086 -1969 -9957 
3238 -1484 -4328 -3286 8067 -5372 -4122 -8778 -8159 4618 813 -6572 -6736 -2235 5013 -5160 -2841 -9006 -9679 1395 -2566 -331 -8504 -2536 -3595 
6266 -3359 6468 -8625 5992 7098 6079 6933 2735 2988 -6224 4060 1455 721 -3066 -1 361 -8787 698 6952 881 3599 -3908 -4106 -2250 
-10070 -4222 3482 2541 5350 2839 5384 4311 -3520 3846 5373 -2751 5959 1951 2273 -6548 2529 -3042 806 7332 -8415 5093 7797 7981 863 
9539 -669 -5833 8045 4207 -410 -5999 -9100 -1196 243 698 2851 2941 3441 4392 -350 -8429 -6695 -4083 -1486 1640 2110 6255 -7479 1697 
6695 -7184 -414 -5035 9284 8684 -175 -7942 -2039 6565 3838 -8776 -5344 -9025 -4504 9329 -1400 4652 3986 6589 957 8380 -2999 -6699 -1655 
1071 -7449 851 -2465 2183 2398 5554 7560 -7317 1969 4720 7285 -1271 -754 3886 6707 -9490 -8295 9052 6219 -6775 -2387 4492 -9314 9896 
4261 9415 7057 -6313 8869 7615 -911 -4442 3258 -3052 -8599 -2096 -374 -7123 7905 -8432 -5086 -2586 -7397 3311 4138 -6534 -4350 -1601 -6606 
9575 1715 -1612 -1158 -6554 7055 6915 -7826 3973 -1231 -5888 9567 -7198 -3908 2613 -2873 3610 -7891 2309 9009 5355 1228 -9456 -10056 45 
-4121 -7546 -3178 2090 -669 -7203 9115 -228 720 6639 3306 -9765 1850 3760 -7886 2369 -9951 7092 7869 978 4467 -4633 8153 -4467 -4917 
993 8545 3915 -9672 2718 5082 2387 -5062 6929 -9403 9769 4306 1573 -9040 6618 -2568 -1265 -4230 5716 6201 -3577 2882 -4974 -4908 4008 
-9553 -3365 -3798 -8872 -4073 -6438 -1869 9314 -8299 -4194 6794 515 4143 1578 -6548 3545 3357 5147 -6664 4426 2825 -6293 8031 4302 -1839 
-376 1439 -9834 4253 -4300 8322 -6582 527 -26 -255 -9470 -8112 -2852 9371 8536 -6719 730 8174 99 6179 9380 6566 -827 -1818 -7537 
-7540 3053 4073 -6287 9863 938 -1719 5820 7654 -4166 -176 6477 -10068 3301 1693 -2383 9658 3817 -7365 3062 2987 -1792 -9608 2957 8080 
5859 6259 -7047 -915 -1855 6834 5731 -2826 -6591 2611 -5932 -9781 -6537 -8463 -993 4804 3852 1965 7131 2165 9921 -2405 -5569 4889 8546 
3558 -7421 6176 6752 5517 87 1056 -6689 -9695 -6934 -7474 -8322 -1450 8187 6510 9039 9810 -3939 3402 3695 3973 -2346 -2024 -9875 5501 
30 2870 -1273 5762 3002 1267 -2802 8906 -6486 -8703 8339 5881 -3983 -5848 9049 -6930 1841 3493 -7615 -5194 -456 -3860 -9509 -7906 6537 
-2116 -5451 9835 -5473 5487 -1783 1962 7857 2531 7813 7447 -8773 -9836 -5032 -7814 -5096 -5003 7427 -8799 6446 -9300 7792 4928 6123 -4263 
-6378 2617 -3384 -8251 2418 -6358 4591 -4271 -9275 5791 3614 9454 -8457 3883 -900 158 7846 -4680 -10081 -5075 7510 3007 8983 -7765 -3106 
1881 3696 7054 -4211 -8510 -3288 6851 -3894 5903 -6256 -1722 8238 -5261 -6441 -4153 6208 7885 2316 833 2999 9612 2618 -6697 -1189 -6885 
2579 -6017 5200 -5449 4437 8205 -6323 5515 1427 -7732 -2902 -5174 -8887 -3872 1005 -2156 5603 -8425 8027 1826 -5158 -2537 204 3401 -1863 
-2811 -1896 7289 -5319 6453 9975 901 5176 48 -4084 -9901 -4211 -7056 -1654 -2533 9028 -969 -1187 -7321 -7383 -4092 -1137 -2504 5247 5392 
-6963 2352 3616 7592 9046 -7118 7767 5705 1235 -6205 3676 -8533 7737 -8308 4646 8575 226 6741 -2663 8260 2573 -2572 4903 4807 3942 
7139 3933 -7108 2186 8103 -4876 2095 5499 5016 -1129 1370 7262 9991 -3458 1940 -6833 -3113 9642 2379 -8993 8084 -932 -9004 6594 2298 
5560 -1370 -1838 3972 -8949 3767 -7135 -3393 -2680 4616 -3652 -8018 1347 5079 3028 -3149 -3906 -2225 -930 -9376 -2395 500 7346 -442 126 
6852 -5205 -1825 4060 3105 -695 -6771 2482 -3774 -1636 -8169 -8032 4101 539 9951 9667 6213 -1349 -4159 -3990 5013 2983 5737 -3961 1135 
-3841 -7813 -2849 3136 -7960 -9020 9167 8929 -8202 -1893 -8093 3864 -5957 -7541 -8094 9702 1386 -1386 -2329 -2665 -297 -1141 3215 -3517 -7024 
-2364 9986 -1954 -494 8483 -5359 -4213 6803 3055 -4447 -7651 4071 5858 8971 7738 -2785 -7015 8875 4620 -9268 7184 -6369 949 -6382 -3990 
-2150 -6354 1640 8435 -6906 3962 -5354 -3706 -8969 -1619 -6641 4729 -6136 -4426 -5520 -2358 9053 7710 5889 -240 7534 437 1080 -8656 -5295 
4010 8992 7549 -6923 -8893 -7736 -1996 1307 2117 -540 -7717 -6932 -1029 8708 3308 -7983 2285 8124 -7225 9833 1232 7823 3393 -73 7102 
4286 6317 3721 -999 7480 6659 -7766 -781 6939 -8536 1260 5187 3690 2424 -66 -5952 -1011 2058 -7474 5277 -5000 9820 3757 -3986 6578 
-9907 -3431 7925 5119 -1249 2067 -285 1969 617 -4862 -8598 4681 -6702 -8326 7846 -649 -4286 -12 3182 -7413 5423 -6276 6564 -936 4751 
9888 -9728 -6087 -94 -1430 -555 -3580 -5359 -6252 -5730 -7126 2564 -3563 4512 5132 3417 -2978 -6824 -2046 5046 -6872 -2577 -8288 2037 -2999 
-7365 2544 -2442 4919 -1651 -832 -2428 2969 -743 3856 -7350 -8859 -4525 9509 1080 -5387 -9371 -8135 5439 3379 2614 7207 1573 -6354 -2190 
6657 8693 -3475 3622 -7086 -8380 -1713 -7732 -2095 -8481 -3082 4761 1785 7344 199 7093 9260 6201 -1534 -6267 -1381 9681 3238 -2127 -3278 
2490 9917 -6565 130 -8199 7113 5246 -3651 4215 4963 1834 7705 -8934 -5629 -7122 -3127 -1497 -4408 -7987 -837 6432 4976 6941 -8288 -2308 
7813 1027 2888 -1934 3061 -5902 -6052 6253 3565 627 -2685 116 4219 -7210 -3303 7704 241 5151 -5237 4233 -4850 7955 500 -4060 9044 
3053 1499 2817 -6886 -5887 -258 -1410 -7454 2744 3069 948 -652 9409 -5187 767 -3712 3825 -2194 -3840 3025 9002 4128 9560 8325 -968 
111 2707 -1843 -1373 -9097 8686 9540 -3681 -2024 -3199 2722 6093 -433 2326 -604 -5320 5661 5910 -7650 -3402 2068 -237 -2389 7108 -3561 
-7678 -6943 -9475 -1834 2274 -10068 5351 -2191 6335 4717 -2637 6781 -4864 1000 -186 7765 -9614 -3172 -6549 -283 -2664 -9442 1746 -5326 -7562 
-6584 8271 8925 -8967 1752 -8879 -316 -6863 -7760 -897 -8306 9590 8780 2899 2089 5964 3261 -6976 2926 6026 2158 -310 3364 1533 6663 
-5847 4288 -2422 -5974 -1731 799 7237 -9010 552 6223 -4659 -4246 9137 -2352 -578 3142 -9262 -9206 8876 -1423 4287 -3588 -861 -7363 -2630 
-4859 1082 -2648 -8684 -6528 -7598 7601 -80 -9373 -9240 215 -4171 -7918 -478 -7360 10067 8235 1688 1111 5932 -4592 -3122 -8634 3799 1457 
7852 3380 -4909 156 -9076 -8467 62 4093 8532 1416 -8176 7150 7686 7446 1199 -4024 405 -4352 4147 -960 -6402 -1791 -7753 -4360 3238 
-4555 -9885 -9942 -6240 1643 6357 9616 -2024 8824 3096 7664 -1887 6188 -1189 -3751 9200 6219 -6987 -9752 3132 2691 3662 -1332 -7665 -1321 
5969 -8335 5602 -3971 -4469 -7745 7018 1154 -4808 9766 1975 -463 -9667 1140 3616 10061 7647 -2977 7567 7826 -9494 -2070 -9922 -2790 -1449 
6563 34 -6449 7097 -1107 826 -9769 9464 -2448 -9366 -4527 10058 9938 -7760 9515 7759 9651 4094 -4798 -8240 -6121 3480 8116 -3448 -763 
8798 7700 -2941 734 4469 -2799 8273 -295 -7085 4023 5602 -916 -9037 8476 3171 -8110 -4781 9417 6069 4885 8100 -1482 -1838 1757 4492 
8999 -6765 5381 -3215 -5644 -31 2855 -7156 -353 5834 -7621 -2193 4294 -3041 -5352 9272 -6128 -2998 -9833 9873 -4126 5357 -7384 8116 -2201 
-8896 -2028 9260 9658 292 1728 -3055 1579 8302 -3002 84 -848 4793 -8525 4276 10027 -3812 10053 409 -8897 -7284 -6380 -4522 -3635 -3925 
