50 50
11111111111000000000000000000000000000011111111111
10000000001000000000000000000000000000010000000001
10000000001000000000000000000000000000010000000001
10011111001000000000000000000000000000010011111001
10011111001000000000000000000000000000010011111001
10011111001000000000000000000000000000010011111001
10011111001000000000000000000000000000010011111001
10011111001000000000000000000000000000010011111001
10000000001000000000000000000000000000010000000001
10000000001000000000000000000000000000010000000001
11111111111000000000000000000000000000011111111111
00000000000000000000000000000000000000000000000000
00000000000000000000000000000000000000000000000000
00000000000000000000000000000000000000000000000000
00000000000000000000000000000000000000000000000000
00000000000000000000000000000000000000000000000000
00000000000000000000000000000000000000000000000000
00000000000000000000000000000000000000000000000000
00000000000000000000000000000000000000000000000000
00000000000000000000000000000000000000000000000000
00000000000000000000000000000000000000000000000000
00000000000000000000000000000000000000000000000000
00000000000000000000000000000000000000000000000000
00000000000000000000000000000000000000000000000000
00000000000000000000000000000000000000000000000000
00000000000000000000000000000000000000000000000000
00000000000000000000000000000000000000000000000000
00000000000000000000000000000000000000000000000000
00000000000000000000000000000000000000000000000000
00000000000000000000000000000000000000000000000000
00000000000000000000000000000000000000000000000000
00000000000000000000000000000000000000000000000000
00000000000000000000000000000000000000000000000000
00000000000000000000000000000000000000000000000000
00000000000000000000000000000000000000000000000000
00000000000000000000000000000000000000000000000000
00000000000000000000000000000000000000000000000000
00000000000000000000000000000000000000000000000000
00000000000000000000000000000000000000000000000000
11111111111000000000000000000000000000000000000000
10000000001000000000000000000000000000000000000000
10000000001000000000000000000000000000000000000000
10011111001000000000000000000000000000000000000000
10011111001000000000000000000000000000000000000000
10011111001000000000000000000000000000000000000000
10011111001000000000000000000000000000000000000000
10011111001000000000000000000000000000000000000000
10000000001000000000000000000000000000000000000000
10000000001000000000000000000000000000000000000000
11111111111000000000000000000000000000000000000000
